5
4
0
0
0
18
16
6
5
5
5
5
5
5
5
4
1
1
1
1
1
1
1
1
1
1
0
0
0
0
0
0
0
4
15
15
14
13
9
5
5
4
4
2
1
2
0
0
11
11
0
10
9
9
9
9
9
8
7
0
0
0
0
0
0
4
4
3
0
24
24
22
22
8
7
6
6
6
6
6
3
1
1
0
0
0
0
0
22
16
2
1
1
1
1
1
0
0
10
10
1
0
6
6
5
5
5
4
3
3
1
1
1
1
0
0
0
16
8
3
2
2
2
1
0
0
0
1
1
0
0
0
1
0
7
7
7
6
6
6
5
3
3
3
3
0
0
9
1
0
0
3
3
3
3
2
0
15
13
11
10
9
9
9
9
9
9
3
2
1
0
3
3
19
17
11
5
2
2
1
1
1
1
1
0
0
0
0
0
0
0
0
0
0
0
0
0
0
0
0
22
20
17
15
2
1
1
1
1
0
23
22
7
7
4
4
4
1
0
0
13
5
4
2
2
0
0
0
0
0
48
47
46
46
45
8
8
8
8
7
7
7
7
7
7
7
7
7
7
6
6
6
6
0
0
0
5
5
4
0
7
7
4
1
1
1
0
0
0
0
0
0
0
0
17
13
11
11
1
1
1
0
0
21
19
14
14
8
4
4
2
2
1
1
1
1
1
1
1
0
0
0
0
4
4
4
4
3
3
2
1
1
1
1
1
1
1
0
0
0
0
0
2
2
2
0
14
14
13
12
0
0
0
0
0
7
3
1
0
9
4
2
2
2
1
170
0
0
20
18
2
1
9
4
3
40
7
0
1
25
25
1
0
2
2
2
2
2
1
1
0
0
0
0
0
32
27
0
16
16
8
8
8
8
8
8
7
7
7
7
2
2
1
0
29
0
0
0
0
8
8
7
0
52
52
50
50
47
47
46
46
44
44
30
30
22
20
3
0
7
7
6
6
0
0
0
0
5
2
0
0
0
0
0
0
0
0
0
0
0
0
4
3
3
2
2
792
128
17
9
0
1
0
0
0
0
0
3
0
0
1
1
0
31
3
3
2
0
0
0
116
11
11
9
2
2
1
0
0
0
0
0
42
4
2
1
7
0
0
39
24
24
16
13
2
1
0
15
0
0
1
1
1
0
470
470
6
0
0
0
0
0
0
0
0
489
489
326
0
0
541
541
18
18
3
3
3
1
1
1
0
0
641
640
208
203
6
5
2
1
0
0
0
0
0
0
9
2
1
0
8
7
6
6
6
6
5
3
2
64
12
1
1
0
0
4
4
2
0
0
0
62
62
7
2
4
0
133
132
13
0
17
17
2
0
0
0
1
0
0
0
0
9
9
0
0
0
0
16
16
16
16
15
15
14
14
14
14
14
0
214
214
76
11
9
3
3
2
2
2
1
1
1
1
1
0
0
0
0
0
0
0
0
23
0
1
0
0
0
0
0
0
0
0
48
0
0
7
6
6
6
6
5
0
9
1
1
1
114
1
215
156
442
437
274
215
149
148
12
5
5
5
5
5
5
5
5
4
4
4
2
2
41
23
23
22
22
20
20
18
17
2
1
0
120
0
0
250
5
0
0
0
0
22
4
0
0
0
1
0
62
12
12
22
22
17
13
3
3
115
115
115
115
115
115
115
115
115
115
115
115
24
17
16
16
16
16
16
16
16
16
4
4
3
3
2
902
14
0
30
6
2
0
0
0
0
0
0
89
88
72
70
6
6
6
5
5
4
3
205
1
0
9
1
0
0
0
0
0
11
0
0
0
0
0
0
21
15
7
4
1
24
24
7
2
10
2
2
2
6
0
0
0
9
9
9
0
11
11
10
0
0
0
1031
827
158
39
0
40
0
0
1
53
28
63
146
146
2
299
294
290
166
128
52
23
2
0
0
0
2
0
0
0
0
0
9
9
9
7
6
6
5
5
4
4
12
1
2
2
30
0
0
7
17
26
26
12
3
2
1
10
33
0
21
19
19
1
1
0
0
0
1
0
0
0
0
0
21
3
11
11
9
0
15
13
13
11
2
1
1
0
0
18
15
11
11
11
10
9
26
24
24
24
24
23
2
1
0
0
8
7
5
1
1
0
0
0
0
0
0
0
0
0
4
3
3
11
10
9
69
69
2
2
2
1
0
0
0
0
0
0
0
0
0
0
15
15
14
5
1
1
10
2
1
1
1
1
0
0
0
13
11
10
12
12
12
12
12
12
12
12
11
11
11
11
11
11
11
11
11
11
11
11
11
10
9
9
9
9
8
0
0
0
8
8
8
8
8
7
7
3
0
1
1
0
0
0
0
4
0
0
0
0
0
0
0
0
0
0
14
5
3
72
2
2
0
154
56
52
50
4
3
1
0
9
9
20
15
15
2
1
1
0
0
8
8
8
0
0
0
0
0
63
45
0
0
0
0
0
0
0
0
10
7
0
68
3
3
66
61
12
0
0
0
0
0
0
70
18
70
18
87
26
23
23
11
3
2
2
0
0
8
3
2
2
2
5
5
5
4
3
2
0
0
0
0
16
16
15
9
7
1
190
189
189
189
189
189
189
189
189
189
6
3
3
2
0
0
0
0
7
3
0
5
5
5
1
0
0
12
8
6
6
6
6
0
0
6
5
5
2
12
9
3
3
354
353
15
15
15
15
15
15
15
15
15
15
14
13
13
13
13
12
3
1
1
1
1
1
43
43
38
19
11
11
11
11
3
3
3
3
3
3
3
3
3
2
2
2
0
10
10
10
10
10
10
10
10
5
5
43
39
39
39
39
39
39
39
38
36
36
36
33
6
0
0
0
0
0
0
16
13
107
107
84
34
32
18
16
16
16
16
16
21
596
596
584
0
59
58
12
11
0
0
0
0
3
2
1
1
3
0
0
0
0
0
0
0
0
0
0
0
0
0
0
13
13
13
13
13
0
0
0
3
3
3
3
72
53
46
9
2
0
0
1
19
19
0
0
0
0
0
0
0
25
17
14
11
10
70
2
0
0
10
37
23
17
15
13
3
0
24
9
2
2
1
171
166
4
2
28
21
20
11
10
10
6
4
4
2
0
69
2
1
0
0
0
0
0
0
0
0
0
0
0
0
2
0
0
0
0
0
24
16
15
15
15
2
1
0
0
0
5
28
28
28
28
3
0
1
1
9
74
207
11
0
0
47
2
2
1
0
0
0
70
336
336
165
17
0
1
4
0
0
13
1
266
3
2
6
2
1
1
0
20
0
5
2
0
144
2
1
144
1
60
0
0
0
217
6
1
0
0
0
0
1005
3
0
1
3
0
1
0
0
0
13
5
25
13
11
46
29
0
0
0
7
0
0
0
500
11
11
11
11
11
11
11
11
0
0
0
0
0
0
0
0
0
0
0
0
0
0
10
4
29
10
7
0
1
0
0
2
0
0
0
163
69
13
4
0
0
0
772
736
87
83
76
76
45
26
2
1
1
30
16
5
3
2
1
1
0
0
18
16
0
0
70
70
10
2
499
8
7
1
0
5
5
3
1
1
1
0
46
10
12
1
0
0
0
0
0
0
0
0
0
0
16
8
1
1
0
0
0
0
0
0
0
22
10
6
3
1
0
178
177
107
107
15
15
15
15
15
0
0
0
0
0
0
1
0
0
0
0
0
0
0
1
1
1
0
0
0
0
20
15
10
1
0
0
1
1
1
0
0
0
0
2
2
2
2
2
2
2
0
0
0
9
182
15
4
3
0
0
0
0
0
0
0
0
0
0
0
0
0
7
0
53
52
51
51
1
0
0
149
145
144
71
71
2
1
2
0
0
0
0
0
641
641
1
1
0
22
13
2
0
0
0
0
2
2
1
1
0
0
0
0
0
0
99
5
1
1
1
1
0
0
0
0
0
0
0
0
0
0
0
0
0
0
0
0
0
10
119
118
19
19
16
10
8
2
1
1
0
0
0
0
0
0
0
0
0
0
0
0
0
0
0
0
0
0
0
0
0
0
0
26
1
1
0
0
0
0
0
0
0
0
0
0
0
0
0
0
0
0
0
0
0
0
0
0
0
0
4
3
1
0
0
0
0
0
0
0
0
0
7
0
0
0
0
0
0
0
0
0
0
0
0
2
1
7
0
2
1
1
1
1
1
1
0
0
19
17
1
0
0
48
36
4
2
2
1
1
0
0
0
0
0
65
10
8
1
1
0
0
17
7
558
1
1
0
561
561
50
16
12
7
5
4
4
2
50
18
11
6
5
5
2
2
0
0
0
88
1
1
0
465
179
33
18
10
1
0
0
791
786
16
8
0
0
0
892
870
379
379
374
373
373
373
371
365
232
24
24
13
1
1
0
0
0
31
18
16
11
9
9
8
4
2
1
0
0
0
0
0
0
0
69
63
15
2
0
0
0
0
0
0
22
21
21
17
14
11
9
9
3
2
2
1
0
0
0
0
0
0
0
0
0
0
0
0
0
0
0
0
0
302
44
26
22
2
1
0
0
0
0
0
0
0
0
24
3
41
40
16
11
3
2
0
12
12
10
4
0
0
0
0
59
114
113
1
21
0
0
6
0
0
20
0
58
20
20
20
13
13
12
1
1
0
0
0
0
0
9
8
0
7
1
0
10
10
10
10
10
6
1
8
0
0
218
0
253
244
0
0
0
0
40
26
0
1
0
0
2
0
0
0
7
3
0
0
0
0
14
0
0
0
2
1
0
0
0
19
12
0
3
35
97
77
2
0
0
331
1683
67
8
1
0
0
23
23
23
22
21
21
1
0
0
0
0
0
8
2
10
4
1
0
23
14
0
0
0
0
99
97
93
93
26
2
11
89
77
76
75
75
73
69
39
1
1
150
124
72
60
35
21
2
2
2
2
2
2
2
0
263
257
41
41
18
6
20
383
363
362
361
333
1
1
3
2
2
0
0
454
154
154
4
0
7
7
6
6
0
63
25
19
16
292
30
30
30
9
9
5
0
7
99
87
85
80
65
8
0
10
100
57
55
47
28
201
61
3
0
11
6
0
16
3
3
13
3
166
1
0
0
0
101
100
99
65
60
60
3
0
0
0
65
20
0
20
158
6
1
0
0
21
5
0
0
14
0
1
0
2
0
0
0
0
0
0
0
0
8
0
9
20
4
0
68
57
0
5
5
21
3
1
1
0
0
33
1
1
0
0
1
0
0
0
0
0
0
0
0
3
0
4
2
1
1
1
0
0
0
0
3
3
0
0
0
4
12
10
9
9
9
5
2
2
0
0
2
10
0
0
10
1
10
0
0
0
9
188
57
13
11
0
59
46
185
54
6
6
1
142
9
9
0
10
0
2
1
34
23
10
7
25
14
0
47
28
28
1
1
168
36
4
2
342
422
1441
659
1636
1164
7
18
18
15
15
8
8
8
8
7
7
7
7
7
7
7
7
7
0
20
2
2
0
0
0
41
1
0
0
0
0
0
0
0
0
0
0
6
2
0
2
6
5
16
16
16
16
168
168
77
76
2
2
2
2
2
1
0
0
0
0
0
0
0
0
0
7
7
7
6
3
2
2
2
105
0
0
6
4
615
615
3
36
247
247
23
0
0
0
0
0
8
8
6
209
209
6
6
2
2
2
2
2
2
1
0
0
0
0
223
223
32
31
675
675
51
50
0
0
0
0
11
0
272
0
45
45
45
45
0
39
22
22
15
14
2
2
1
0
0
0
0
0
0
670
670
157
157
23
23
23
23
23
355
335
335
16
15
11
569
570
210
31
0
0
0
570
532
280
246
6
1
1
1
0
610
15
12
12
8
6
904
0
3
69
46
9
7
7
0
0
0
0
0
0
30
1
0
22
128
5
5
5
5
4
2
2
2
1
1
1
1
0
0
0
0
0
0
0
2
2
1
0
0
0
0
38
13
0
0
0
225
69
49
44
43
39
36
11
1
0
0
0
0
35
67
65
44
43
1
0
112
95
37
1
0
1
0
0
0
734
140
135
96
4
4
3
3
2
2
1
1
1
1
0
0
0
0
0
0
0
0
0
0
0
0
0
0
0
17
17
17
16
16
16
16
15
15
15
14
14
14
14
14
14
14
14
14
14
14
14
14
14
14
14
14
13
13
13
13
13
13
13
13
13
13
13
13
13
13
13
13
13
13
13
13
13
13
13
13
13
13
13
13
13
13
13
13
13
13
12
10
10
9
8
7
6
6
2
1
1
1
0
0
0
0
0
0
0
0
0
0
0
0
0
0
0
0
0
0
0
0
0
28
26
24
24
7
6
6
0
0
0
0
0
0
0
0
0
0
0
0
0
24
13
13
13
13
13
13
13
13
12
9
8
7
7
7
5
5
5
5
5
4
2
1
0
0
0
0
0
0
0
0
26
7
6
5
2
2
1
1
1
1
1
0
0
0
0
0
0
0
0
0
0
0
0
0
0
18
17
17
15
15
14
11
11
11
11
11
9
8
6
0
0
0
0
0
0
4
1
1
0
0
0
0
0
0
76
65
51
51
46
45
45
45
45
45
45
45
45
45
45
45
45
45
45
45
45
45
45
45
45
45
45
45
28
11
9
7
5
3
3
3
2
2
2
1
1
0
0
0
0
0
0
0
0
1
1
0
0
0
0
0
0
0
0
0
0
0
0
0
0
0
0
67
67
26
6
1
1
1
1
0
0
0
14
14
14
13
12
11
10
9
6
5
2
1
1
1
0
0
0
0
0
0
0
0
0
0
0
0
0
0
0
26
24
13
12
11
11
11
11
10
10
8
7
6
4
1
1
0
0
0
0
0
0
0
0
0
0
0
0
0
12
2
0
0
0
0
0
0
16
14
14
14
14
14
14
14
14
14
14
14
9
2
1
1
0
0
0
138
20
4
3
3
3
3
2
1
0
0
0
23
21
9
6
4
2
1
1
1
0
0
0
0
0
0
0
0
0
13
9
9
8
8
5
0
0
0
0
0
0
0
0
14
3
3
3
3
3
2
2
2
2
2
2
2
2
2
2
2
2
0
0
0
0
0
0
0
0
0
0
0
202
115
19
18
9
8
6
5
5
2
2
2
1
1
1
1
1
0
0
0
0
0
0
0
0
0
0
0
0
0
17
16
16
16
16
14
4
13
4
8
4
8
4
4
4
4
4
4
4
4
3
3
3
2
2
1
1
0
0
0
0
0
0
0
0
48
48
43
32
32
32
31
31
31
31
31
31
31
31
31
31
31
31
31
31
31
31
31
31
31
31
31
31
31
31
31
31
31
31
12
8
6
6
6
3
3
3
3
2
2
1
1
1
0
0
0
0
0
0
0
0
0
78
78
78
78
33
7
3
1
1
0
0
0
0
0
0
0
0
0
139
43
40
39
38
38
38
38
38
38
23
19
11
10
10
5
4
1
1
1
0
0
150
45
17
4
4
4
2
1
1
0
0
0
0
0
226
226
226
226
225
225
225
177
56
20
6
1
1
0
0
0
0
27
26
23
23
23
23
23
23
23
23
5
4
2
2
2
0
0
0
55
55
55
52
52
35
35
28
28
28
28
28
9
8
8
8
7
2
2
1
1
1
0
0
0
0
0
0
0
0
0
0
0
0
0
63
63
43
41
38
38
38
36
35
35
35
35
35
35
35
35
35
35
35
35
35
35
35
35
35
35
35
35
35
35
35
35
35
35
35
21
19
16
11
9
8
7
6
4
3
1
0
0
0
0
0
0
0
0
0
107
43
38
38
37
37
37
37
37
37
37
37
37
37
37
9
9
1
0
0
0
0
0
0
0
0
0
127
59
59
28
22
21
21
21
21
21
21
21
21
21
21
21
21
21
21
21
21
21
21
17
8
7
6
6
5
4
2
1
0
0
0
0
0
0
0
0
0
86
59
48
48
33
26
26
26
26
26
26
26
26
26
26
26
26
26
26
26
26
25
14
13
12
12
12
11
6
3
3
3
2
2
1
0
0
0
0
0
0
0
0
0
0
0
0
0
0
0
0
0
0
0
0
0
0
0
0
0
0
0
0
0
127
116
102
100
100
100
100
100
100
100
100
100
100
100
100
100
100
100
100
100
100
100
100
71
49
15
8
7
6
5
4
3
2
1
1
0
0
0
0
0
0
0
0
0
103
103
103
42
7
2
2
2
2
2
2
1
1
0
0
0
0
0
0
105
103
69
6
3
2
2
2
0
0
0
0
0
0
0
0
90
90
88
88
88
88
88
71
42
42
42
42
42
35
19
17
16
13
10
9
3
2
2
2
0
0
0
0
0
0
0
0
0
20
17
3
2
2
1
1
1
1
1
1
1
1
0
0
0
0
0
0
213
213
213
67
62
25
24
24
23
23
23
23
23
23
23
23
23
23
23
23
23
23
13
2
1
1
1
0
0
0
0
0
0
0
0
0
0
0
268
254
107
92
90
24
24
24
24
24
21
5
5
2
2
2
1
0
0
0
0
0
0
0
0
0
0
0
0
0
0
291
276
276
161
129
24
22
12
10
8
1
0
0
0
0
0
0
0
0
0
0
0
0
0
0
0
0
168
2
2
1
1
1
1
1
0
0
0
0
0
0
0
0
0
236
207
175
144
93
93
87
86
36
24
22
22
21
19
19
12
11
10
10
10
10
9
9
9
9
9
9
9
9
9
9
8
8
8
8
8
8
7
7
7
7
7
7
7
6
4
3
1
1
1
1
1
1
1
1
1
1
1
1
0
0
0
0
0
0
0
0
0
0
0
0
0
0
0
0
0
0
0
0
0
0
0
0
0
0
0
0
0
0
0
0
0
0
0
0
0
0
0
0
0
0
0
0
0
0
0
0
0
58
43
23
16
15
13
10
8
8
7
7
7
7
6
6
6
6
5
5
5
1
1
1
0
0
0
25
25
25
3
3
3
1
0
0
0
0
174
54
44
43
43
43
43
43
43
43
43
43
43
43
43
43
43
43
43
43
43
43
43
43
43
43
43
43
30
19
3
2
2
1
1
1
1
1
0
0
0
0
0
0
0
0
0
0
0
0
0
0
0
0
0
288
117
115
94
75
67
64
63
63
63
63
63
63
63
63
63
63
63
63
3
2
1
1
1
1
0
0
0
0
82
82
82
81
81
10
6
5
5
0
0
0
155
95
82
82
82
82
82
82
82
82
82
82
8
7
7
6
6
5
3
0
0
82
82
82
41
13
1
0
0
0
0
0
223
91
50
9
8
5
4
4
3
1
1
1
0
0
0
0
0
0
0
0
0
0
0
0
0
0
0
0
0
0
0
0
0
0
7
4
3
2
2
2
1
1
1
1
1
1
1
0
0
0
0
0
0
0
0
0
0
0
0
0
0
0
0
0
0
0
0
0
0
20
2
2
2
2
2
1
1
1
0
0
0
0
0
0
0
0
188
158
146
100
72
71
61
61
53
53
53
53
36
21
20
20
20
19
16
16
16
15
15
13
12
12
12
11
11
11
11
10
10
10
9
9
8
7
7
3
3
3
3
2
2
2
2
2
2
2
2
2
2
2
2
2
2
2
2
2
2
2
2
2
2
2
2
2
2
2
2
2
2
2
2
2
2
2
1
1
1
1
1
1
1
1
1
1
1
1
1
1
1
1
1
1
1
1
1
1
1
1
1
1
1
1
1
1
1
1
1
1
1
1
1
1
1
1
1
1
1
1
1
1
1
1
1
1
1
1
1
1
1
1
1
1
1
1
1
1
1
1
1
1
1
0
0
0
0
0
0
0
0
0
0
0
0
0
0
0
0
0
0
0
0
0
0
0
0
0
0
0
0
0
0
0
0
0
0
0
0
0
0
0
0
0
0
0
0
0
0
0
0
0
0
0
0
0
0
0
0
0
0
0
0
0
0
0
0
0
0
0
0
0
0
0
0
0
0
0
0
0
0
0
0
0
0
0
0
0
0
0
0
0
0
0
0
0
0
0
0
0
0
0
0
0
0
0
0
0
0
0
0
0
0
0
0
0
0
0
0
0
0
0
0
0
0
0
0
0
0
0
0
0
0
0
0
0
0
0
0
0
0
0
0
0
0
0
0
0
0
0
0
0
0
0
0
0
0
0
0
0
0
0
0
0
0
0
0
0
0
0
0
0
0
0
0
0
0
0
0
0
0
0
0
0
0
0
0
0
0
0
0
0
0
0
0
0
0
0
0
0
0
0
0
0
0
0
0
0
0
0
0
0
0
0
0
0
0
0
0
0
0
0
0
0
0
0
0
0
0
0
0
0
0
0
0
0
0
0
0
0
0
0
74
74
74
74
74
66
48
6
5
3
0
871
867
867
867
862
190
190
190
177
167
166
84
49
31
27
27
4
4
2
2
1
1
0
0
0
0
0
0
0
0
0
0
0
20
2
0
0
0
0
0
0
0
0
0
0
0
131
127
127
127
127
127
127
127
127
41
41
41
41
41
28
28
28
28
28
28
28
28
28
28
28
28
28
28
28
28
28
28
26
24
19
17
14
8
5
5
5
5
3
2
2
1
1
1
1
1
1
0
0
0
0
0
0
0
0
0
0
0
0
0
0
0
0
0
0
0
0
3
2
285
114
106
74
72
72
72
72
72
56
47
46
45
45
44
44
44
44
44
44
44
44
44
43
43
43
43
43
43
43
43
43
43
43
43
43
43
43
43
43
43
43
43
43
43
43
42
29
6
5
5
3
2
1
1
1
1
1
0
0
0
0
0
0
0
0
0
0
0
0
0
0
0
0
0
0
0
0
25
21
20
19
19
19
19
19
19
19
19
19
4
1
1
0
0
0
0
0
0
1035
1002
952
712
70
65
65
65
65
65
65
11
10
2
2
0
0
0
22
3
1
0
0
0
0
0
0
0
0
292
214
126
98
78
75
72
69
68
63
61
52
49
48
44
39
39
39
38
28
23
21
21
21
21
19
19
19
19
19
18
16
16
16
15
15
15
15
14
14
14
14
14
14
14
14
14
14
13
13
13
13
13
13
13
12
12
12
12
12
12
11
11
11
11
10
8
7
6
6
6
5
5
5
5
5
5
5
5
5
5
5
5
5
5
5
5
5
5
5
5
5
4
4
4
4
4
4
4
4
4
4
4
4
4
4
4
4
4
4
4
4
4
4
4
4
4
4
4
4
4
4
4
3
3
3
3
3
3
3
3
3
3
3
3
3
3
3
3
3
3
3
3
3
3
3
3
3
3
3
3
3
3
3
3
3
3
3
3
3
3
3
3
3
3
3
3
3
3
3
3
3
3
3
3
3
3
3
3
3
3
3
3
3
3
3
3
3
3
2
2
2
2
2
2
2
2
2
2
2
2
2
2
2
2
2
2
2
2
2
2
2
2
2
2
2
2
2
2
2
2
2
2
2
2
2
2
2
2
2
2
2
2
2
2
2
2
2
2
2
2
2
2
2
2
2
2
2
2
2
2
2
2
2
2
2
2
2
2
2
2
2
2
2
2
2
2
2
2
2
2
2
2
2
2
2
2
2
2
2
2
2
2
2
2
2
2
2
2
2
2
2
2
2
2
2
2
2
2
2
2
2
2
2
2
2
2
2
2
2
2
2
2
2
2
2
2
2
2
2
2
2
2
2
2
2
2
2
2
2
2
2
2
2
2
2
2
2
2
2
2
2
2
2
2
2
2
2
2
2
2
2
2
2
2
2
2
2
2
2
2
2
2
2
2
2
2
2
2
2
2
2
2
2
2
2
2
2
2
2
2
2
2
2
2
2
2
2
2
2
2
2
2
2
2
2
2
2
2
2
2
2
2
2
2
2
2
2
2
2
2
2
2
2
2
2
2
2
2
2
2
2
2
2
2
2
2
2
2
2
2
2
2
2
1
1
1
1
1
1
1
1
1
1
1
1
1
1
1
1
1
1
1
1
1
1
1
1
1
1
1
1
1
1
1
1
1
1
1
1
1
1
1
1
1
1
1
1
1
1
1
1
1
1
1
1
1
1
1
1
1
1
1
1
1
1
1
1
1
1
1
1
1
1
1
1
1
1
1
1
1
1
1
1
1
1
1
1
1
1
1
1
1
1
1
1
1
1
1
1
1
1
1
1
1
1
1
1
1
1
1
1
1
1
1
1
1
1
1
1
1
1
1
1
1
1
1
1
1
1
1
1
1
1
1
1
1
1
1
1
1
1
1
1
1
1
1
1
1
1
1
1
1
1
1
1
1
1
1
1
1
1
1
1
1
1
1
1
1
1
1
1
1
1
1
1
1
1
1
1
1
1
1
1
1
1
1
1
1
1
1
1
1
1
1
1
1
1
1
1
1
1
1
1
1
1
1
1
1
1
1
1
1
1
1
1
1
1
1
1
1
1
1
1
1
1
1
1
1
1
1
1
1
1
1
1
1
1
1
1
1
1
1
1
1
1
1
1
1
1
1
1
1
1
1
1
1
1
1
1
1
1
1
1
1
1
1
1
1
1
1
1
1
1
1
1
1
1
1
1
1
1
1
1
1
1
1
1
1
1
1
1
1
1
1
1
1
1
1
1
1
1
1
1
1
1
1
1
1
1
1
1
1
1
1
1
1
1
1
1
1
1
1
1
1
1
1
1
1
1
1
1
1
1
1
1
1
1
1
1
1
1
1
1
1
1
1
1
1
1
1
1
1
1
1
1
1
1
1
1
1
1
1
1
1
1
1
1
1
1
1
1
1
1
1
1
1
1
1
1
1
0
0
0
0
0
0
0
0
0
0
0
0
0
0
0
0
0
0
0
0
0
0
0
0
0
0
0
0
0
0
0
0
0
0
0
0
0
0
0
0
0
0
0
0
0
0
0
0
0
0
0
0
0
0
0
0
0
0
0
0
0
0
0
0
0
0
0
0
0
0
0
0
0
0
0
0
0
0
0
0
0
0
0
0
0
0
0
0
0
0
0
0
0
0
0
0
0
0
0
0
0
0
0
0
0
0
0
0
0
0
0
0
0
0
0
0
0
0
0
0
0
0
0
0
0
0
0
0
0
0
0
0
0
0
0
0
0
0
0
0
0
0
0
0
0
0
0
0
0
0
0
0
0
0
0
0
0
0
0
0
0
0
0
0
0
0
0
0
0
0
0
0
0
0
0
0
0
0
0
0
0
0
0
0
0
0
0
0
0
0
0
0
0
0
0
0
0
0
0
0
0
0
0
0
0
0
0
0
0
0
0
0
0
0
0
0
0
0
0
0
0
0
0
0
0
0
0
0
0
0
0
0
0
0
0
0
0
0
0
0
0
0
0
0
0
0
0
0
0
0
0
0
0
0
0
0
0
0
0
0
0
0
0
0
0
0
0
0
0
0
0
0
0
0
0
0
0
0
0
0
0
0
0
0
0
0
0
0
0
0
0
0
0
0
0
0
0
0
0
0
0
0
0
0
0
0
0
0
0
0
0
0
0
0
0
0
0
0
0
0
0
0
0
0
0
0
0
0
0
0
0
0
0
0
0
0
0
0
0
0
0
0
0
0
0
0
0
0
0
0
0
0
0
0
0
0
0
0
0
0
0
0
0
0
0
0
0
0
0
0
0
0
0
0
0
0
0
0
312
194
151
149
149
149
144
143
128
128
31
12
5
2
1
0
0
0
0
0
50
50
30
19
18
18
18
18
18
18
18
18
18
18
18
18
18
18
17
17
17
17
3
2
2
2
2
1
1
1
1
1
0
0
0
0
0
0
1151
461
122
90
90
89
89
89
89
89
89
89
89
89
89
89
79
72
71
71
38
37
25
17
13
7
5
4
3
2
0
0
416
130
129
128
127
127
127
126
14
3
3
2
2
2
2
2
2
1
1
1
0
0
0
0
0
0
0
417
126
3
1
0
0
0
0
0
0
0
0
0
0
0
0
25
25
18
2
1
0
0
0
0
164
10
2
0
0
0
0
0
0
0
0
178
9
9
9
9
7
1
0
0
0
0
0
0
27
24
22
8
8
8
8
8
8
8
8
8
8
6
3
3
1
1
0
0
0
0
33
8
8
8
8
8
8
8
8
8
8
5
1
0
0
0
0
0
0
0
0
83
24
24
24
24
24
24
24
24
24
10
4
1
0
0
0
0
0
0
0
0
11
11
11
9
6
1
1
0
0
0
48
43
37
36
36
36
36
36
36
36
36
36
36
36
36
36
36
19
12
3
1
1
1
1
0
0
0
0
0
0
0
1543
92
92
92
92
22
1
0
0
0
0
12
2
2
2
1
1
1
0
0
22
7
5
5
4
0
0
0
0
151
115
27
36
36
34
33
20
9
1
1
0
0
14
0
0
0
172
16
14
6
2
2
1
0
0
0
0
0
0
99
19
14
14
9
9
8
8
7
2
2
2
2
2
1
1
1
1
1
0
0
0
0
0
0
0
0
0
0
0
0
0
0
0
0
145
93
9
9
9
9
9
8
7
4
1
1
1
1
1
1
1
1
0
0
0
0
0
0
0
0
0
0
765
264
157
88
24
21
4
4
0
0
0
0
0
0
0
0
0
0
405
325
284
98
50
16
14
12
11
3
2
2
1
1
1
0
0
0
0
0
0
0
553
137
16
14
8
5
4
4
1
1
1
1
1
0
0
0
0
0
0
0
0
0
0
1336
664
73
14
11
7
5
5
0
0
0
0
0
0
0
0
0
116
34
22
12
10
10
10
9
9
9
9
9
9
8
7
6
5
5
1
1
0
0
0
0
0
0
0
0
0
0
165
31
21
9
8
8
8
8
7
7
7
7
7
6
6
5
4
4
4
4
2
1
1
0
0
0
0
0
0
20
7
7
2
0
2030
1436
1029
571
560
438
288
107
78
49
23
20
20
20
19
17
8
7
7
4
4
3
3
3
2
1
1
1
1
0
0
0
0
0
0
0
0
0
0
0
0
0
0
0
0
0
0
0
0
0
33
24
4
2
14
8
21
19
19
10
9
7
7
7
6
6
19
19
10
10
6
6
0
0
0
0
0
0
44
0
0
0
288
128
40
1
10
0
0
0
0
0
0
0
0
824
125
9
3
1
1
1
1
1
0
0
0
0
0
15
8
2
24
15
15
12
9
5
3
8
0
13
8
8
4
2
39
28
14
1
1
1
1
0
0
279
193
3
29
0
51
214
211
193
181
4
0
23
14
14
0
94
90
8
8
6
5
2
3
3
3
2
0
0
0
0
0
771
302
1
0
0
0
0
50
35
24
14
12
12
12
12
11
1
0
307
57
39
22
17
17
17
17
11
9
8
6
5
1
0
0
4
1
1
0
0
1
1
1
0
0
0
1
1
1
0
0
69
12
2
2
0
0
0
0
0
0
0
0
0
0
0
0
0
0
0
0
0
6
3
0
0
0
63
0
166
3
3
1
1
0
0
0
0
41
41
38
38
38
35
25
25
24
23
20
19
17
10
10
2
1
1
1
0
0
0
0
0
28
14
13
1
0
0
0
