11364
6
2
4
179
15
21
18
6
3
113
22
38
145
7
15
41
711
40
4927
18
6
539
99
9
7
0
4
34
54
22
16
261
777
121
65
18
2
196
2
12
1152
253
65
30
58
3
13
42
161
10
1224
3791
320
13
16
48
273
70
129
302
298
312
121
193
168
8
524
3
282
64
21
109
22
46
501
658
1
605
52
130
22
182
14
11
24
2
13
148
110
12
506
294
9
186
589
2073
47
71
0
3
2502
50
4
13557
30
18
102
375
96
161
7
130
12
421
135
95
3
488
16
62
764
250
2843
346
2336
14
37
117
162
1
188
13
21
1
1
8501
2365
1
8
17
47
74
97
8
306
155
3
136
81
11818
15
139
54
135
227
152
1268
24
47
85
3057
110
33
199
84
10
73
80
6
89
91
332
32
332
1361
200
730
353
49
108
254
2
13
236
23
31
109
0
115
27
139
226
20
36
20
239
64
110
2
21
2
7
18
378
1
3
2
132
1454
143
243
78
32
7
4
5
126
1
6
37
69
252
7
33
31
72
51
12
1
2
49
12
10
87
73
45
13
114
2
18
52
7
268
352
1291
157
41
195
91
12922
36
28
1
228
71
18
650
27
19
73
43
168
98
360
17
1632
74
435
10
97
13
145
88
4
1141
138
52
1260
326
610
28
10943
93
4
65
6
23
152
110
3
178
51
346
373
393
394
104
12
442
437
272
92
3
2
11
102
249
1
79
4
2
5
368
1011
12
21
60
151
6
13
1165
345
256
3
191
48
221
555
2312
445
827
23
64
145
151
16
36
405
68
42
100
42
24
11
58
914
277
560
23
97
751
172
7096
1162
54
276
208
238
179
141
48
35
242
222
125
58
22
233
3
182
19
477
589
62
257
649
18
52
70
44
76
183
612
221
2081
280
75
7
126
673
198
69
28
276
204
238
1
51
90
39
99
18
58
65
47
12
197
744
341
36
36
283
74
34
1106
192
118
5
90
81
143
1022
187
37
60
422
498
18
436
116
129
83
142
51
177
136
101
935
45
64
150
1716
48
9784
29
391
33
176
67
33
21375
151
44
49
85
260
5664
2141
36
184
13317
245
193
140
206
79
41
8
17
5
6
0
734
1
259
344
18883
138
195
164
697
7
93
196
6
1104
12227
121
234
26
99
70
166
273
41
480
1874
291
195
510
95
64
13
128
117
169
10
51
465
164
97
440
5
145
2
53
156
289
3
4
265
51
62
274
289
333
301
1579
231
47
24
6
383
87
30
584
119
842
263
202
274
255
182
3
235
393
212
46
53
112
6
189
2
245
346
218
771
941
432
118
199
387
4675
56
61
224
349
387
289
2
1008
228
226
2
52
230
370
22
195
16
62
80
19
269
6
2
190
152
386
175
213
17
438
279
279
63
3
467
32
230
139
121
65
298
287
1
160
44
71
19
22
46
395
29
36
208
479
230
39
164
378
310
179
362
171
26
39
247
49
24
715
320
439
257
23
86
17
4
3866
31
90
518
30
10596
107
113
173
441
65
75
37
86
4
1382
124
25
112
368
26
153
67
572
180
571
39
73
13123
275
217
371
560
353
213
139
151
976
100
635
44
99
67
231
109
239
223
339
366
14
950
1
207
1
14
16969
1555
112
1813
272
844
394
83
151
240
274
16220
41
333
153
77
310
10580
366
326
505
372
198
160
43
357
162
461
34
361
58
90
177
30
1021
778
453
310
209
165
65
277
184
197
192
420
930
281
337
24
438
245
784
154
158
247
74
797
85
118
158
242
1116
413
397
470
13768
91500
13
7
278
543
20
534
1485
520
22070
12
7
288
14
517
314
310
6
329
435
355
410
60
20
15
294
144
6
46
8
237
7
160
262
32
16
841
4397
62
123
271
584
1204
20
20
646
17
160
1811
554
634
34827
8
1546
9075
950
44
28
305
102
13
387
24
187
475
24
2
274
18
6
7
138
47
664
1096
439
53
92
20
8
139
24
43
73
114
31
117
434
21
44
121
93
23
134
143
145
476
40
5
15
89
14
80
192
98
185
69
52
7
10
38
34
328
123
6988
63
303
233
57
81
42
1119
175
21
25
1237
688
67
598
32
239
308
1305
154
4
12
11
465
135
39
9
483
52
163
101
234
1091
36
572
74
64
165
209
3
52
5601
34
55
190
46
1826
595
165
186
111
94
47
246
116
48
162802
18
292
193
333
422
47
194
434
353
11
37
57
19
68
1
484
290
355
13
1450
56
14
378
51
124
150
17
147
11
59
93
36
2
51
543
85
16
32
52
97
111
50
188
312
221
9
503
793
60
1033
695
299
502
882
201
1022
287
107
86
6239
6
127
107
21
89
19087
2304
2248
19
1656636
103
58794
10775
303
42
40
107
10
483
44
116
98
132
701
10
63
284
59
638
188
95
2
44
415
92
32
296
171
988
115
613
293
205
2421
413
11
250
49
133
197
86
1624
93
25064
1418
94592
732
13
679
73
210
3722
338
222
737
591
707
147
30
48
62
1433
116
274
56
891
313
84
128
111
656
224
38
195
103
198
1784
100
298
111296
1162
239
259
172
33132
124
534
218
270
39
1199
481
366
1176
121
221
33
165
30
1157
207
55
101
320
104
171
2
146
959
477
1595
1116
370
336
23
196
37
428
18
52
91
282
645
161
150
156
190
504
1623
33
30
16
62
269
476
667
63
236
97
57
3760
327
1670
130
2215
167
161
528
121
109
288
708
97
134
440
31
267
199
332
657
370
889
442
10358
12
62
112
64
63
35
62
2813
361
39
4
413
292
31
71
8
98
2
12
409
158096
276
5
31
187
150
125
6
83
88
18
402
722
217
12425
276
4564
390
663
55
127
252
417
77
4321
1087
181
206
26
134
120
98
102
1526
52
333
190
75
73
186
45
18
488
82
555
85
141
921
617
497
160
3
462
129
215
249
137
200
2119
5
237
30
127
239
951
387
107
11456
8
12
259
397
82
100
141
180
284
80
156
550
2519
269
784
215
271
13837
680
130330
673
66
75
81
40
22
1400
93
21
188
2322
171
142
5
64
26
30
82
4
162
171
560
482
69
79
161
206
1039
307
760
13
140
180
70
122
124
22
77
25
2843
202
55
314
2346
7
31
482
69
158
339
135
25
551
35
759
45
50
1298
22
186
197
231
59
41
465
469
59
229
113
52
152
326
139
78
145
94
57
9
11
1149
15
451
238
67
1243
383
60
602
131
253
25
314
265
8
11123
225
1384
391
4940
251
1965
441
538
410
99
2025
19
116
62
248
773
250
118
14
1586152
20488
62
120343
230
722
303
244
667
1029
268
175
355
647
348
1163
65
24
306
162
54
22
108
160
248
2969
256
668
726
73
798
122
274
574
244227
209
1196
164
2
369
1183
72
72
463
75
105
52
101
107
774
5104
6785
470
12809
3564
159
511
307
36980
21465
58
704
537
1222
167
287
392
2089
1174
18929
177
676
52
658
871
187
46
1274
355
124
190
491
246
44
80575
32
225
197
35
75
417
98598
600
165
64
68
210
29
74
392
42
1085
158
600
822
189
7
816
518
155
41
166
84
232
2584
203
716
298
438
22
98
28
2008
203
59
119
131
8363
24313
194
100
52
133
532
818
82
760
258
40
9
115
39
93
133
369
50
25
201
17
375
1284
96
690
41
160
83
20
9
88
35
27
397
107
37
1518
266
50
97
124
51
4
236
75
270
1441
2551
108
515
248
112
419
62
510
1473
30
740
14
107133
155
60
82
291
42
8507
214
1069
79
1325
225
2441
3007
97808
906
797
10913
38
210
277
7
158
1915
1771
775
100
239
341
693
282
339
455
7524
79
657
28
643
2488
286
446
49678
86
2512
382
58
114
129
68
817
575
1139
357
36
6
301
151
1272
283
138
518
21
411
243
80
28
193
120
214
7658
24532
147
2335
113
348
850
204
400
676
455
328
172
305148
480
552
95
125
841
356
2055
299
4
436
5101
443
273
8451
26288
500
155
42
1881
6
1475
1061
3321098
47
137
229
33
459
854
20
176
340
188
18
127
27
9
19
122
1850
527
797
7339
366
553
137
793
1344
711
1623
22117
21
164
97
469
52
639
262
139
457
181
13
3251
415
1602
82
3119
671
1934
140
4575
3363
1159
805
12442
104
185
338
764
211
558
255
257
474
8036
188
16
403
48
139
8
43
1
97
19
400
878
733
2629
161
37
54
91
445
271
313
110
43
1043
566
35
136
2413
107
93
121
184
175
326
9
13
99
468
171
188
167
132
340
1222
301
100
397
1710
333
113
172
437
3022
26
5384
124
1023
1465
21
4815
113
228
1076
182
109
109
819
548
76
20
133
436
79
1286
122
185
56
24
154
942
97
127
34
908
317
159
121
62771
383
275
288
30
815
781
96
1673
81
21551
77
18849
706
264
700
53837
282
380
46
117
377
30
25
127006
1500
198
43
131
648
525
78
14
68
516
87
88043
258
132
104
38
223
136
203
5
557
8
634
467
104
386
314
155
192
351729
157
1382
472
370
323
940
273
805
23
69
11672
151
67
1135
17957
69
151
147
79
830
188
196
131
1954
152
87
2035
181
849
80
525
169
45
607
109
1091
1253
35
1527
254491
5
146
2
3521
96
546
189
8245
4775
1937
105
4032
742
310
105
211
157
46
308
238
106
329
303
244
2845
121
1067
640
56
463
281
452
305
488
106
111
11120
328
32
27
351
4505
189
66
547
8377
62
674
58
157
126
144
306
50692
589
53705
194
651
429
346
172
131
74384
195
67
369
411
1175
1121
573
15426
3684
92
127
154
903
1748
476
2800
485
4
5494
231
577
724
634
218
580
76
311
50
558
1733
66836
518
147
64
314
352
551
84
103
614
191
336
143
319
213
3897
297
12870
557
36
670153
26
123
533
1029
178
342
5309
207
135011
437
1811
974
44235
429
422
310
2597
1478
4050
25628
65619
1032
216087
142307
4
4127
1837
202
2204
873
159
4745
619
4346
23112
4
127
70
665
614
31
7
39696
46563
1865
15743
5137
9
350464
56842
634
70
518
385
246
56
29
550
735
200
89
12
110
126
121
811
119
492
76
123286
7364
404366
229
11
2044
395
69
109
127
2703
158
6
150
120
260
6727
81
3467
8
67
242
1539
56
162
120
54
10
145
61
37
79
1149
443
70
164
13
8
449
21
1976
30
3046
2092
67
12822
314
16
112
672
306087
103
23848
29
20596
17516
223
31
113
3098
72
22
12096
839
242
921
51
217
241
2426
61
35
48
61
52
171
128
112
8
22
106
90
179
636
3197
2299
761
106
180
6
20
50
71
394
2
42
165
183
85
272
747
44
93
40214
343
9
103
17
66
71
3263316
3924950
2132
168
5558760
1253892
4033419
63
1859949
562570
127184
3060
7848216
16314
757
17533
8774
779736
428210
1359874
907
581024
1726122
5397
1796563
71
1132
323
49
314
83
65
1685
140412
6
296
589
28
19
124
1022
382
99
268
32
23
33
807
127
75
31
457
970
282
138
7604
162
88609
137
72
15303
1464
46
513
345
6915
67
32793
2906
3885
17
48
50
607
456
1460
53
395
1041
14
4886
12171664
4531767
172376
443
541
10
527
1402
2838
12
64
2843
112
99
172
69
196
106
30546
95855
91
393
22
65
21
31
10
62
503
2494
3
4475
8400
4968
1070
1386
94
1330
149
550981
229
618
57
3300
368
128
72786
1360279
765123
16405
123747
5
56
230
319
1540
500
5930
550
531
160
489
248
107440
1611
822
21
986
386
125
215
802
1325
4290
7545
306
723
8674
144
272
1139
1529
964
90243
236
6305123
18011
3888695
2895
17379
5190125
1904233
3117
284
324
573859
6
310
341
15454
69
347
553
103
324
309
254
205
14
75
45
42
342
26
62
253
44
839
230
239
422
505
14
78
121
54186
1043
54
751
77306
358
22
1154
137
52
381
352
5665
90
927
1155
891
297
330
903
92
53
603
395764
575
10398
53
358
9412
15
3852
3242
216
28
1833
342
90
230
3591
2714
49
588
11770
2743
54099
92
1287037
1013332
225
56
357
181
128
54
13082
1131
18106
18497
1038
1301
1188
87
1149
182
6568
199181
110
31
1870
1387
238
15
341805
6722
4811
26
57126
89646
1193755
81
428
175
141
67
26
1251
282
479
74
639
1
849
1727
920
1438
180
281
878
13122
1733
260
71
1487
136797
74
229
2803
170
921
3191
240
3177
175
77663
140873
23237
231325
105
424
143
466
53714
2363
46140
193529
84
168604
667560
2158984
18903
570
1336481
1234
227
2646
2614898
2758
117239
403194
101924
128
1564
1696536
2643580
1586
15523
13389
9720
16920
2031
18696
1146143
189
615298
384
8
590
28358
9197
607
461270
2595797
29727
142
55018
72303
9055
17232
1100
1106
2997
357895
37
58651
51656
106302
50102
10744230
20047
21091
138753
13754
4341
458
6707105
251710
1334
2341
523782
4359
248
68687
108
15345
61600
753
788
176
736660
3160951
39739
386098
47
57
1048
2032
1535278
29387
1992
133925
4967
273569
9463
669
4865
14783
372
56
191
372
170
1663
4093
871
81
215
16
165
534486
1643
744
1
7640
72842
620970
3812
1023208
39366
63
1412
440
23
184
165
2203499
3663250
694427
450
9079
1338
2871
4771
459
211
19
2485
2398
3051
28
37
32
376
1503
1512
53688
438734
13156
1873
30771
161
152
1511
16100
52618
228198
4458481
1980271
745
313
4526
87
33644
4118
99
16621
2539
87750
31625
732
33800
13883
220956
232964
827
2392
9108039
264570
109
1013473
39
22602
908
1034
744
131
191
13930
31
19265
5460
120989
57309
449
538673
12744
9505
94012
5522
1103
2166167
27415
366178
955139
110430
181928
1033978
18615
2929906
89863
477
13722
10559
1596
327
355847
137
164
37
2595946
105316
22078518
533717
10429
272
194
975
26
3
106
105
199
252
1257
3014
244
659
117
689
26786
1400611
662
12585
164
12793
53147
1507
105
323
269
19630
3931096
1123433
46141
566012
2395
5616012
250359
206937
42383
287368
153
62388
195926
502
113
109
11676
4523
247
217
107
56314
20373
63842
41784
15
394890
197
142473
3413
150921
117008
10682
1438867
6852
169860
209452
57846
162
251
61
1139
237
254
57313
4079701
29455
2884
187507
4809233
3802337
5357946
40
377927
13570
19415
2120
10997
1545322
166856
32410
295
1
32
7
624
836
24
414
25
527
617
3806
126
16491
45
691
79
3254
51
1402
893
34
123
36364
452
76
47
117
446584
75
369
229
27
90948
416
70
2076
563
69
39
370
385
33
32
6831
30
681
338
270
36
547
648
55
95
11374
247
206
76
426
340
1598
3812
646
139
167
33
38
14
409
141
893
642
1876
810
2675
823
160
180
6927
577
6
44
31
340
40
2
31
121
20
80
10
73
83
1103
86
20
7
162
614
67
61
38
286
12
296
205
204
134
26
463
268
242
103
5334
2718
98
400
138
30
7
244
1
3136
44
260
528
277
368
50
724
234690
15806
8556
581
267
314
93132
12749
424
392
57
2452660
235604
99636
3738
64792
291762
1559
584054
3145
4731
354
1323
1881
1092
2041
172970
93137
67668
148281
262861
2824
3714638
32120
304041
3915
2001636
358
5031530
3810337
479744
546804
657314
313796
540868
3027808
684058
14475
12651
1056942
7839113
7383383
2707934
30185
690319
277662
4221544
1069595
1006658
4582094
2740973
2003600
68866
20271
624752
148297
1154
1791
685
1469
120
67
145
977
100
250
190
60
185
3
67
18
106
1064
528
398
34
115
494
67
204
4322
103
9
87
132
957
157
117
53355
604
4101
722
93609
791
346
51
68
402
449
135
197
148
30
38
513
362
1346
251
91
714
1565
244
36
1571
1
1262
94
148313
31225
622
641
119667
8174
4991
4928
2152
17880
245016
9972
412109
393905
158837
2623400
295679
1083848
1013126
37954
294730
224421
885496
6688010
145597
17498809
1844748
848049
193300
80399
5142
413
540
304
96
21765
510
182
22049
14085
387
260
130
314
103
208
700
588
135106
410
129
28560
3125
621
35
340
1617
101
1039
54
83
25
150
386
98
338
312
376
39
16
8
679
1
20452
26
8
31
20
115315
104166
10045
40767
24
414
2186
8181
446546
15
11244
37
40
650
120
1644725
330
6106
10385
33
226
68
650
12176
718
29
1053
605
412
90
128
67
183
64
9
805
142
26
422
86
10
14
60
3456
991
19
1307
676
50
34265
283131
417
43
331
468
80
62
474
463
167
665
585
455
525
390
221
48
398
628
383
175
181
5158
165
631
635
112
203
157
478
459
1230
14
1253295
49221
82
502
34823
441
38
112225
20744
198
2230
619
167
456
103456
103120
239
397
323
48
130
3179
36
37
112
274
75
31
848
5468
194
30
272
1588
100
161
93
85589
195
1158
413
81
21
515
1068937
500028
417974
1188
183
226
1077
751
71681
3385
2026
1022
317
124383
101
60174
1312
105
624
46142
284567
555
506
3185
2679
112549
2954
2655
257
580
754
68
501
389
104
33
205
222
86
3
53
192
183
88
96
67
1437
1288
661
553
275
152
108020
75368
31130
596
91
21398
37200
3824
79
145
383
735
470
272
756
1024
25
644
92
90
250
887
35
132
1078
56578
158
1736
116
114
763
185
65
19
693
563
310
80
1520
3256
79
1377
181
73
1730
363
175
84
2710
205
1143
254
482
295
357
159
3205
79
21
177
25422
166
2555
114
249
84
860
1294
46
269
3011
51
6282
240
7332
148
83
1835
782
659
181
14337
1262
181
464
348
137
151
499
222
318
1771
83
10495
77
1137
2457
177
2593
5481
348
295
27
1152
288
2175
113
6000
165
296
8106
38
18
56
218
203
198
134
3
381
180
2372
416
490
1516
254
158
26869
349
300
65
393
274
1852
1577
178
14
75
274758
9700
36
422207
427
761
508
142
822
554
227508
111
59
9630
30989
526
13222
1066
244
62
1036
104
1024
27
377700
599
125
8
2130
75326
2101231
1803
191
4242
162567
356
1334
3583
22674
764702
420167
3532651
29130
2443418
215970
435631
389481
28196
10959
12239
212210
26591
8201
276623
1579
211677
106552
1418047
2585
126688
88
458275
794640
1072497
1068973
1953
1749
914406
244
3967
1573809
88545
162206
186605
556566
8955
11424
819189
37296
519
1316935
104232
139346
225454
755810
229109
1840830
332792
513319
944600
5999313
629469
56907
276
112713
750680
8421918
284868
1037
156542
2187011
34810
224991
796918
715664
1086578
1177
272932
271246
2414042
711299
87801
87057
30620
293393
1406596
466249
1218667
697323
1544970
805694
3385603
629795
25810
880140
136898
128368
1371839
813
3553577
279783
222708
916868
1140284
1122022
396
285
12349
159
615
23067
369
1008
177
811
236
262
1777
184292
537
30292
10341
193
83
299
196
207
1570
973
407
125422
13070
1209
40577
88035
50516
1010472
3083
21679
901
2925
272326
44977
217749
6016
54831
12102
653
1110
859
11
1636
277
2472
25470
184823
3363
129
100
146819
1006183
15686
135
3701
739
45
1442
122
1373
1164
269068
52148
139
187
2611
23188
7743
1104
3251
903
199
506212
121004
410
171
294
22291
799
33407
14
8664
272598
488520
1397
2622
44834
1675
44761
515522
1070052
17469
40916
310
4669
4273
774
2954
7841
131324
2738
14591
409
50
327
141
2423
21785
133424
1398107
449296
2494
1239
4187
312
50
268
80
6
79
7
59
60
2539
34
364
81
385
1965
14
8609
106
8280
41
2687
42
2180
6055
604
79485
577
440
525
1129
110
4246
12
2020
913
1261
252
1044
2809
5119
36
569
61500
477236
151
272
405
28941
67
9
725
70
653
105
137
290
152
420
265
272
1030
23
49
296
16
327
275
18367
457044
107370
254273
943039
269794
95786
653501
2589811
2354
47
112
2
162887
2053
1528
20994
38244
11769
40
35
7
278
7
5499
101
248928
1589
15074
9
504879
122
387
12
37
624679
1228
167
2133
1317
1254667
308113
766334
93
499933
992
11012
50
949
181
9
1483
677
67
187012
319
695856
498
161
105
5150
117
542144
1736
200
2174
390
470
59
341
112
142
54
41
289
35
3
2
315
25
175
53
27
26
145
160
842312
358634
229
477612
164
5406
180
144
567
450
1496
95
208
781
99
13028
75800
369
3578
543
3560757
264
13829
307
2591
95
12281
290969
148
142
230
18413
40
175
67
13444
220
691653
142
11346
1067
271
140
1416
1665
81405
550
70
32371
51
5140
251
1923
261
1108
35969
4196
2631
2123
285
139
371
129
77
196
146
2128
6571
1200
91
4831
6526
302
1272
4535
608
16291
254683
13862
2655
4561
579
8556
21113
385
197
360
133
181
28
94
156
202
174
42
10
14
26
46
109
104222
393
923
2635
1498
326
7562
587
1822
2598
402
6657
8
645
110
3685
2383
62
162645
32108
180
175
604
1744
934
817
10814
1073
154
218
498
44
69
360
14166
104291
41
379
9
411
4634
6903
275571
5108
104686
422166
44
183982
286
52
138
45
1811
145
122
129
602
202
581
352
98
375
289
162
130
10
364
3487
29
57
6
2712
1021
83
82
13
122
997
85
7321
66
205
132
120
78
2
610
2
495
91
693
5
20
14942
144273
13
318
291
1188
25
2784
513
2535
60
113
264
385
5738
239
827
857
23
100790
155
58
657
56
65
786
75
356
75
168
101
468
1753
1638
359
124
93
184
41
50
49
1465
306
489
41
71192
203
215
11286
308
62
170
177
83
51
255
1868
40
756
3
459
187
387
2939
15
153
722
223
242
43
61
730
67
308
36120
375
159
455524
24
811
1082
374
96
458
469
1020
218
1806
99050
169
82
159
10585
365
29
549
731
48
41
274
12020
213
231
591
235
494
5779
871
57333
1318
530
567
1109
453
5315
91
522
1677
115
11766
46
18
124
101
471
368
164
2531
795
12884
326
190
714
608
2482
60
1033
326
261
1122
184
88
24864
13106
62
735
151
183
1233
224
466
609
177
38653
309
446
1712
117006
767
789
228
713
1156
262
395
295
319
1096
121
3608
442
142
83294
91
755
862
413
753
487
147
1065
215
1090
62
348
408
290
36042
63
945
299
126
4490
821
402
207
66
68
1632
177
2865
465
2020
825
5737
227
240
869
2308677
26202
5017
643
520
2182
13555
145
140
161
320
2950
210
1
9667
118
635
117
1223
98
64
723
458
9933
656
900
13811
513
32652
1339
1105
7438
197
45390
788
7055
87522
2648
27382
601
16342
560
40412
118514
12105
109042
24951
1262
171
767
177
28525
243
448
172517
361
351
77
159
5631
779378
3236611
2526444
42224
464
2508
306
294669
2483
112
1109
256707
906
609
97250
287
510
2361
530
1008
95
418
78
1017
822
453
1663
837
179
40753
301
547
1008
180
8
166
480
14
74
11642
1284
1696
37902
7758
2545
13320
190627
223
1448
556
1119
206277
8750
297
487
312
34
811
7314
6390
105372
930
32597
127728
246
3
353095
33
2420103
4823
52
82676
27
553
199
113689
1086
675
4621411
14980
1908
3700
133
3508
4804
365856
962
68803
685
168
837
372
50128
1017
178
2553
2773
2433
142
1282
9760
2020
9298
115369
422
565
4538
484
4929
930019
9579
311
1918
168
89
92
1164
244
5579
414
305
320
96
5179
7766
80065
181
7170
770
71011
1733083
22407
348137
376
312
9652
245
158
1365
492
106
1176
266
28
1511594
1023137
106044
2526
14378
4484
166
277
270
1205
427
53
300
381
335
337
374
14812
2171
681
36
1481
3820
859
3878
2681
1865
353
85
159
13166
539
672
1490033
163
1245
231
642
264
1811
225
540
1068
124
515
1886
2389
1631
68
25
145
69
269
421
678
262
68
489
203
394
91
382
158
60
244
206589
341312
1707404
4722
6335
12093
4262
205
516
27
121
159
447
3978
140
220
78
95
32
142
117
348
236
657
155
370
58
100
653
667
694
328
106
261
502
1443
109547
128
360
135
2771
471
98
432
908
1878
2648
222
558
1320
426
141
96
1560
3842
327
297
270
1122
640
2317
250
993
6202
1127
321
776
2706
806
7867
124
65
719
281
313
1034
294
2662
315
11695
2929
16859
235
365679
301175
1624
87
118067
226
56299
4847
1892
1461075
387
13656
567
829
6513
11350
357
1073
402
1502
25551
1119
616
375
2138
5488
96
527
357
839
15290
14323
2767
137
10475
2396
850
550
893
1294
250
1121
515
681
2479
306
290
333
227
114
13022
1098369
226
81319
59190
157
175
225
15023
3081573
9769
1714
14601
305
318
329910
65555
195
1001
9406
4566
53292
1952
3366
109404
7784
834
9922
107121
15021
2770
2241
10083
1140
302
16493
3187
2465
1024
89559
9010
2069
2827
286
2362759
872090
7387
30450
52523
432
1487
1912
28192
113379
549685
12782
230
6
751970
210785
5048
233
540
663
7305
1887
1817
255580
444
21
65
1989
57603
1457
1370
8404
556
162
876246
610731
22892
493
937395
3632
395
152
280
41
3328
173
1506
145
1087
59
82
1523
736
113
50
350
1167
570
70
3063
109
508
69
527
124
216
102
340
151
23991
131711
16
3424
19087
10288
1152
401
102
406
10
32826
3437
16505
2438
23252
1274
455150
852
8903
116
36370
160
1791
13702
7344
3070
677
1019
491
677
657
67
1115
125
65
565
704744
1084920
99075
456
61993
30442
107109
2174
359496
218
64
1154601
10872
157
729
26
2575918
14376
377
307500
58
226338
1254011
3965
20
7053
18106
3906
95553
2728
76658
6115
288
447
156
23
76
217
4116
1817
23
1075
5512
98844
256
5675
322
66
513
410
73
33
181
86
148
76
133
6809
92
764
851
73
4268
269
53
29
248
304
694
18
62
65
286
348
104
54
120
162
37
1136
59
2846
399
31
5366
50
400
110
5850
82
78
157
28
96
1183
594
232
78
54
7312
229
201
187
121
1003
259
86
1005
100
1086
1701
2909
550
978
78
52
864
121
8734
28840
15916
57
41
826
41
8697
830465
2293
4878
75
923
5507
72
492
8919
1735
154862
639
30603
7198
166
5596
4325
460
268
428
947
310
2601
36558
2649
200
211502
1024515
45821
145
12938
129
449
1112171
156
218
129624
113
15580
11946
1845470
4840703
234
726
485
86
332
1425
57
446
19
273906
96
9
1274
282
145325
1260
356
220
3901
10
1169
19148
72
945
70863
326
123
30
222
209
132476
202
98
2658
432956
5934
383
122
151
1132
2534893
313
1172
391
1700
2566
186
578
141
2445
363
3067
66412
5288
3244
1238
1899
294
8217
3517
192
98
702
24927
6120
1057756
440
8637
10183
52
117
586
25436
174
5738
262
16397
50309
20818
701
181
14034
30
18
1566
308951
223441
193659
782158
245647
75332
4035561
189153
1126714
384
467653
125129
225304
76496
14822
3092
49
11188
1961
2614
507227
171511
254
42
30
533
2093
271
20
223
1223
13104
1216
321
387
113
60
78
134
56
131
32
3598
11303
668985
188
13893
5619
5230
5362
33
389
3422
728994
303
543
101
508
284
39053
35523
44682
472
841
507
311
1446
909
270
154
901
61
363
1149
73
26
521
1747
917
94
2170
6860
205
89
264
2392
847
195
40859
2545
264
298
13829
1135
98
520
101
569
499
1837
188
165
309
122
119
712
462
34790
840255
358
744
157
275
77795
221245
438
150
101
25
528247
212
122284
160770
63633
59283
13896
227030
2437
59498
431481
548361
16217
57115
318731
424386
33315
38
37
86
72
29
242
44
33
7
1018846
237790
54172
679
25204
808
6214
122
276
1069
113572
618
97
680
685
116
175
9767
9679
110
1043
862
32
227
79
951
1436
2177
523
24515
1002
3068
62329
137917
1198360
15532
1408698
552584
4337
94
475
68757
5560193
126284
553531
1171
2945
33470
15109
120350
1904
79
13320
73206
3386
89829
79437
1051077
94941
417
312566
175
1214
603
611
731837
272
56
522
5157143
242
4488
368
13498
3467
53752
24
277
1323
60
1463
174
76625
34689
165186
165493
224103
6552
1313
579
256918
646932
65
162038
3145502
9
53765
124736
1609780
3490
4524
11136
1453
70
13619
1078
4894
567
549
9655
1101409
22742
256
40804
1751
9362
9097
6577
56455
59562
1334
573229
633
62546
391
116
769
7
21
215
20
95150
189
30692
5818
4413118
25
171
179
29
67
544988
1543
852328
525275
242655
11317
1316
3966
31213
270116
110
2046
44
22293
33
9252
1792
69
147
1604
698284
4705
72841
1108
8687
1449
431
4065
32827
1483
8698984
15608
1086
368038
8251
3583
21726
640670
3461
611
17733
453
27832
25585
6266
73428
18349
4772
195944
1001644
211778
27377
1074
152686
148
277410
1027
6520
524
1845987
273
753378
451
422
3921
1075280
21373
63428
303
433
320
236
1865
1513
1038
556
117240
50618
180920
190269
503
2809394
183
512
63
529
147
644
70
43
614
71
317
21658
22987
16143
404503
3232775
172696
357664
3623
110551
137535
8050396
100765
152
8303460
3725284
11242231
12517125
502927
1299597
1128787
186
615
305
1856
418
2791
313636
975123
14247
8912
1216
345703
17863588
1617466
86069
101886
213
501
447
258
378
877
353
1000
445
516278
428
20862
9526
31233
583
719595
146
314
70
693
249
71
14701
28
93
208
246
793
2332
3104
281
31
178
32305
467
1249
557
882
565
13
22517
642
1635
18331757
984
1741
4293
162984
137
629
27809
266020
2809
982
362
279
318
1672
4549
95
4768
12515
62
209
278908
9610
967
1081
3520
54659
612
12516
1010
1751
172905
448
20883
45821
206
345
548
1931
992
304
176
198948
3094
246
238
32
94
221129
207
57
17
12353
220
111
6578
150
23027
8010
23654
92
1494
42
101
1093
8744
778
375810
4330
5515
34
4872
44884
535
19
230
10152
245
14001
273949
74644
2511
343
344
285750
232
816447
235
98
141
117
19
19
908385
5737118
15024
2782529
1868
9022
158
2612
3216
145
190
1863
269404
1629
67
63
11160
18597
1230451
381
711
51
133303
3262
109265
3632
1698
12823
3008
696
541
2697
51041
117573
290
1527
1227
82113
1504
333
864
13686
202659
156
5832
17431
127638
465036
12009
82
2745
57
435
524
45960
349608
34954
11116
118988
246090
79
229135
1658
5406
114
8117
22
57010
1088
54
735
1810
1802
1632
23859
759
41171
587
1424
294494
150759
402590
176916
44426
175066
1445
19281
200
299467
32961
46732
16996
214404
3576
10976
2004
7559
161
2979
346
61106
7600
4374
13207
25298
1564
98860
22878
1632
11668
47
1476
178
5396
575
2410
11493
21248
95061
882
14835
11450
411
378
37188
51209
622
69093
5764
44
764
14328
16964
1289335
20061
579
60
1902
36304
2867
3230
169
242
330
674
1249
199946
519
198
1849
164
3276
4318
169
43467
265
77260
82
14556
3886
171
480
304
42
1509
398
67
67
393
1333
3868
1408
2359
192
345
259
646
3137
406
3514
10426
346
926
121
192
917
2976
451
880
112
13
119
757
45670
292
1226
192
478
370
322
7844
4935
4520
439
603
795
299
1031
444
95
150
162
2242
175
6890
863
910
762
256
513
71
264
8404
6130
346
549
659
562
389
115
3102
2331
129
79
475
28
221
946
2330
465
665
98
330
111
220
369
230
140
82
121
371
35779
1852
114
20576
189
253
575
1328
1632
1921
1564
11534
498
66
324581
91
181
734
1950
2139
121
168
710
325
531
1105
127
200
23787
1651
249657
294
1309
25546
227
72
149
72605
157
2257
460
547
266
93
132
85
3216
58
50355
138
323
1142
13246
1299
857
167630
166252
626235
6834
11815
26519
758
4924
55
3176
134
4520
226343
1136
3717
20058
20082
969893
3260
156
377186
2513
14776
7357
314
83961
59270
2435
2796
125591
10079
1214
2094
227
277
349
935
1019518
122
104717
148986
300
4899
3741
204028
1113675
1156
40645
54973
67325
436394
644
105477
123
5420
168672
210145
2117
1459253
40620
6161
491
342
69723
305661
5179167
145
290
320755
4103
509
303
46224
53034
65782
582
13622
110272
3213
1950
334696
279520
157890
1259
284811
2695590
18369
420703
6801
349760
116
523
77760
294319
3110020
1287351
9034446
13285624
1330926
1092938
833220
224380
3579545
9506513
5907646
5946407
1270673
5398
1112092
3450727
91575
1196
909245
440386
173611
1248
67
456
36
215910
4768
138391
1359
1184
1023
762
592
115018
414
232638
137
126715
215
428
684
211
214
134
95
24
2931
152
433
403
620
34
218100
102160
34339
6202
628
94
4861
2864
300477
199447
278
209442
455401
21734
298
792567
5335186
664169
989534
467422
993910
179370
661191
511583
116600
536480
179792
1086682
44
108943
1170
27
213
3158
1024
3307
17284
428
4918875
1605
2391
50563
1137
468
148022
43519
26636
277
3962
17879
17524
2977
713660
10304
350
39378
66332
140189
175738
30520
60251
487969
522
9781
14852
21
1088
22311
1547
58698
1316
104648
7321
10974
684
1372
197089
126002
1046454
30171
866
8333
96206
1451
15261
118784
11081
127
5941
911
11795
389
373
3731
554
546390
792
1050
553
170
54445
1403
479
409
426
133735
56235
22232
1038
17314
2910
1129
209
4354
713
1317
33060
17486
24825
102217
160180
13340
3257
1246146
56296
59378
112907
1216
209298
5218
139
1544571
190
913
276
108
130
3662
134
105
12205
8409
20306
629589
11707
44580
10638
28901
402
516380
1017027
129760
301
31762
294
1909
788
424
222
191
86
41363
785
34
506246
4687686
449346
1064532
2360
54
773
29299
1742
1700097
1748
81672
2549190
2156
1181
57
63
131
43
204
174
62
22
182
20
47
2324
3076
8127960
291
7561
164
152
111
832
995199
14926
52
2946
221702
294
618074
7110
894405
26734
2182
142031
410755
1091
545
186
907913
265
9626
3756
4014
113
599
43488
518
547517
1321
160
297
43
143
290
15981
96
134
363
215
83
10062
8414
4997
13485
28513
254
2071
434329
21370
12486
210
222
1977
1237
71
1250
20028
62378
69879
12556
52
4043374
2218
6612
154
760659
309198
409
165
1191
800
24819
283500
274
74892
1306
336
159
232
195
1102
1262
794
996
1011831
18460
19770
4467
1956
330
597
2644
529
29982
215605
8429
1493
917
1302
121364
1135
213591
17609
191
387
499
9582
11931
9330
5874
3857
43
53863
2159
233
877
62090
2960
208
139506
362
582
41207
1654
42027
521
276
109
5983
446
454
72
323
334
364
232
16441
10319
16550
143
345
310
447211
1283
1730
730
734
824
382
21339
26164
5248
1518
4587
394
14862
506
3436144
877
147860
1270
85009
11343046
174
10910
2062
2043
144
2137
657074
1791
4199
3191
523
206
84964
1626
4003
2057
39777
57
259
43301
10732
329256
357225
288
51
13989
133
53
1002
38743
12331
88
514
715562
28
618453
14235
766809
2152187
47668
337
6
12677
2685
3169
66
51847
3268
2800
6033
2861
12
175
10388
179
83
100
265314
303
4153
33622
31
109
1846664
598
3525
191
1134
155861
584
1515
492
127
1902
136
99
271
16440
341
2337
2591
8
20961
772
28896
272
115202
541
546
27978
130324
940
12402
80472
412383
1433
346
6705
279297
1119
131
53365
2543
518
31058
128
41590
1039
3027
4001
3716
4071
174
14193
242
596043
723
3164
953
55
795
22
148
1450
659
2690
8901
1470228
567
1321300
553
93
59
66
847
2687
125358
1923514
68289
20541
1485
1286
2590
752
755
12938
68883
600
1459
99
311
8697
7193
420
16481
5572
410
1486
369
116
174
455645
1069
1129
8318
4551
173
14525
45347
53138
1020
1297
14688
962
3861
168
14307
5770
6305
780
1290
5321
82
1279
1164
50
176
57
40388
127
595
3103
256
61
500
82
16
217
314
220
2405
643
14023
404
86
4710
992
3552
154
11804
556
211
1245
105314
3327
2283
411
3431
4268
57746
14013
348
699718
17008
273833
539
778571
1428
10490
72615
127928
151061
15103
495
10345
554
2161265
943062
556184
134880
108565
204118
852
1041822
2512
267
241
2226
1374
128555
669
1262
1610
1432
325
140
14123
95
168
150982
17452
339
22948
150
488
197
174
156
1003545
21
190
838
252
87
878
322260
67
107
2065
331
511
366
230
12400
154
448709
517
926
260
1528
498
4881
203
49
6556
558
353
151
150188
1114
5951
528
636
203
1472
2323
638
808444
165
269
10898
243
225
187
677
2958
119
195
43
210
314
523
240
112
444
253
19
60
14651
807
579
62797
395
302
492
244
684
633
34
139
167
308
166
5416
404274
4189
78611
232
45481
648
63142
399
1519
1042893
9120
8559
142
291128
1871
290
831
229
1597
165700
2812
138
73
67
127
668
18918
12591
790
524033
827
855
1482
217
189
399
174
2274
212
191
38270
748
727
1062
946
135
338
361
180
82
79
990
270
108
1630
2541
225
275
559
388
643
1604
362
279
2933
250
1560
3873
166
70
48
104
213
851
162
9013
726
108
143
140
19412
986
878
1322
2999
267
564
288
415
129
252
241
2226
19
8393
2606677
7100
232
19583
650981
63045
35755
386277
1531105
102
167284
1084557
2240
156
4934
380
781
90
120099
192
12087
125574
437
1456
114
104
571
564
411
444
645
298
23743
293
1463
594
15699
373
1005
284
478
4766
104
228
8220
47
1969
1385
690
82
2184
2640
12736
475
152
105
120
45
1990
309
596
336
38
1249
20017
184
215
351
453
2438
128
859
85
406
353
208
12065
596
2657
1250
595
23361
60
101
938
5771
319
232
978
1520
58
128
5521
1249
16484
956
670878
3017
1828
204
69
729
29
198
33207
20742
773
153
526
29512
161
418
399
9681
783
565
258
1535
2061
6029
553
701
428
855734
254
9819
148
22485
1609
42445
4484
367
1003
179875
6824
13109
152
1776
300
3359
16926
238
588
1012
18
71
3343
17
382
452
706
107
1487
120490
25586
525495
418
999954
1162
280
1812821
846
784
264
742
246
208
858
18707
203
613
342
648
2165
181
100
642
8847
89
106
76
1339
111
1088
12961
655
675
1195
453
86
17480
233
790
525
558
20191
201
993
15084
704
23072
2159
1645
318
397
311
4384
1366
139
2085
166
776
31796
260
9677
190
164
115053
473
149
197
1110
149
704
420
5433
3759
374
445
547
1035
429
583
342
61315
287
3556
183
47305
367
58
1372
9291
441
57
12256
33139
1019
97183
296
1890
11939
371882
10706
3039
1094063
2094
5502
2069693
185641
179
316643
570643
859
517
205
348671
223
14729
1593
241
650
14
433
227
1724
15476
2059
86
3595
19718
153603
1595636
1210471
898
2152122
62827
26474
486065
1211502
1204
1474884
8644
16629
163662
830
349
400132
35010
587
7054
449
633
30534
338
157578
10366
9769
12707
1532
38
1763
11345
1498452
68903
4803
490
1019
273
123
386
290
17498
119831
198
332
475
10139
6220953
4271555
10213
26
706
700
122
38
155
213
50587
130
48
82
9926
510
184
429
3944
694
9067
746
3438
1827
1165
351
628
1860
44094
854
361
1357
1099
935
9748
1798
250
1455
5408
8049
614
3411
1276
29069
1665
365
304
285
180
467
5053
296
758
11344
1440
1853
237
20599
239403
1416
1909
451
1003
438
550
6891
595
715
409
270
11193
166
29339
1547
25337
1687
145
9101
360
597
2608
234
63
882
5643
204640
98
2557
1111
64556
204135
40
1685
359
45
94
28
50
387
56
54
408
678
30095
537
98
16399
6466
13477
8691
507
66559
104442
1269
688
194
228
1320
245
6255
13735
1184
1059
1021
92103
149919
5774
637
825
17249
2169
105879
5585
69
5164
82441
145
24161
253
39704
41190
89538
1490
381
20275
2283
11678
3383
259
155
1259
47434
64207
27
4011
653
10011
104155
3469
24872
615
1140
76007
446
1583
344
5460
7175
258
96
2486
955
632
17202
40795
32170
157599
81137
18459
1778
26760
1322
4050
318
350
14352
2672
107677
263677
101620
16
19650
881
4456
136439
2873609
121455
17951
1102621
338845
68692
336
78
218
1122
1040
11303
37314
39
77
144233
1197
188
491
632
7055
36773
2215
1473
28423
3435
2259
816
7044
6754
33220
170
118
189
53
169209
156
23142
364
167488
390
13535
13726
3630
3484
14489
370
522
47247
31868
849
12273
541038
274861
5037
352059
18232
1637
1523
4747
2277
12270
6681
3650
1921593
721
1371
86987
6804
81
29
371
69685
7760
1039588
2750
96963
1129687
22183
183
309648
128
175873
1386
4291
75396
42212
225
154
19153
399369
2699
399
104
67
2544
58410
2179
397
215
983
720
574
53657
404
149
32
437
1613
256
1975
298
1089
972
364
1094
193
438758
50
1023
1434
216
982
280581
17865
589
101
224
3453
713
27353
15897
830
1073
537
14168
943
6443
21
96679
191
77
31675
15379
33095
213289
1694620
1474171
9551
10156
338783
412
336
69
56506
158
104231
9296
3433
29667
201651
4705
12516
15798
98291
31181
12178
1274
1177
1732
2144
494
4231
1452
171975
769821
1074039
1002599
1024378
1094
245435
442637
788456
6541467
20292
3838803
4161611
28333
980510
411
2910
261
12954
431
979
2658
132662
1853
116607
791
17086
77
379073
2398
823378
14201
1696
2117
68414
206
470
270
805104
11
1598
580779
82
1116
1405
96
24223
6789
1234
894
406
184
708598
819
326
3220
23141
2403
78556
133734
1531
9588
321
64
164
1911
2203
126614
9074
36002
751
25
457040
100505
178
306092
237362
2241058
7491
221720
101902
1112936
158601
845
292
3448
169
139
52240
13319
5783
29627
12017
469
219871
1060716
24235
19489
335035
327
57409
13349
155
456
147
578
141
11385
598
28611
584
2717
342
4697
4453
3415
19162
153
205589
1895
131442
63440
194
134
73
657365
1287
2957
78
57958
77
212215
688
104
17
38095
548
302
236
176
183
521
155
8909
3175
213
2672
12317
2031
11553
1723
38214
491
29005
13277
218
10770
409
19
6664
156
702
1249
2356
197
560
289
171
3393
333
18099
134
551
51
17
1782
151
174
294
1379
13222
666
157830
568
135
19583
273
1441
107
3305
206
947
254
256
642
721
775
486
385
1778
2541
68
856
899
159
256
382
1320
1171
2312
2465
568
285
870
72
1731
20243
3890
2676
206
216
1015
89
4914
659
253
473
515
369
498
352
12756
467
198
702
232
752
2280
3638
632
248
717
61369
6908
629
514
342
995
351
208
44310
102
175
279
21
596
269
492296
311
444
367
2344
466
230
2488
1279
238
659
398
21796
420
97
54
212
101
377
279
327
521
558
106
222
29376
1850
530
38
421
109
47
419
24135
1771
1180
262
12253
117
498
75
848
58
198
1239
108956
191
197961
33
839703
3513
1937
381
298
398
267
324
59
360
1571
207
759
1793
233298
200
20
114
181
7
582
182
2075
3116
27751
100274
290
208504
11065
501748
3190
8109
30595
215284
16935
11694
1289
6684
2624
1013309
1609
368
309
225
78
119
77
1272
115
57
144
283
65
388
402
775
321
72
409
169
2062
144
1340
64052
279
235
364
275
382386
1348
2108865
744
3762
1002
1553
856
387
5046
169
465
324
247
4334
171278
265
5934
16967
11978
10804
3789
1027216
2219
547
988
9649
8618
4297
801
158
159
71
66
271
345476
2062
15708
8082
8229
16869
790
150
245
228
855
428
74
2016
4347
758
124949
3015
8675
7719
11052
865
3601
3020
112308
5142
666
1106
1742
246
1930
776
166
32836
53209
381
56274
60822
188036
3122
1212
6425
22654
1078
68
774
3569
7972
535
2678
2125
1486
2321
2269
106897
1279
273
1403
1617
3645
5868
39643
109
267247
204877
1817
195
207
23958
536
287
266
1848
269
132310
32
761
4501
454
239
1288
580
2065
285424
24190
138855
98
2168
53
36092
125624
91675
20456
76224
12291
672
25785
13482
629041
1159
3384
8455218
54571
39914
11777
184373
25799
165916
70872
821
614
4879
2133
1078659
194442
199022
253760
281
2340
54944
10912
14019
32180
902
102
9734
407
2256
1633
494
3038
831
204
1243
797
212
964
25330
1081
42498
2275
31577
1580
15494
279
19052
105866
395
444021
216
310
292
1674
172167
893
53044
111041
87370
119909
312184
83676
259
20107
211
43955
112
11999
285
236
29420
72
390
129
467
173
17266
7256
7703
191
26
159311
139420
46969
119570
58346
7651
92569
63640
6634
14563
1498
78
528
663
11527
11660
228
167
20464
24670
17233
73
269
126
1135632
142
178420
23978
672
37870
114696
45580
45840
133880
1655872
6196
445
127217
91523
129
759
202
5168
225
1440
440
6674
1175
769
162663
997
183
106590
129358
305
183
99082
499
31920
806
10925
43168
1223
2492
182
608
199
2405
217
918
350
3790
1665
681
80
71
10238
2650
1908
412
837542
854
148
218
11996
1799
2100
271
2188
62
316
2532
35601
2970
4966
304
2101
22870
11949
527
5521
662
119
4068
400
123964
377
1009
2709
39106
9322
2854
2769
132932
469
11426
17562
47626
4205
71819
243
973
21276
330044
19158
1511
1109
116811
2462
136723
236041
1712
672
456523
635
3897
530
468
367
2786129
11430
1661
421042
64020
727
129150
152559
177163
2065676
498460
5005
9760
220
4600
27392
18968
15427
2935
2982
287
308517
4844
1069
10381
208772
1113
243
508
177
11191
1174
108
1146
916749
293
463889
113690
139
49241
12172
362364
974
49
13725
31699
1238530
851683
591
120736
2769
5787
1498
314
11506
3932
537
7472
7303
454
42499
1053
136
6281
277
498
435104
951
97753
765
627
39
221898
7922
1306177
1447937
13735
258843
12090
113751
12307
7540
3973
222324
4921
1371
37078
443786
3590
1424
671
318
34528
26357
4800
16402
147098
71336
41401
3325
3442
17879
226866
329
1241
193
265677
11774
6827
147
2020
1340
491
388
8169
2153
26262
157624
275527
13619
436651
108143
435054
768231
2180
29928
2313
188981
1007575
439605
105137
10224
722827
19950
7775
11981
924737
12088
1441
18932
1007
148129
7600693
2996520
47756
158
47465
335
164
542
8462
612364
817
412017
4163
191773
13598
44
29887
483
184
362
1945
505086
387
1069
10992
868
254327
584561
1014682
2559
1243
77516
167
502
3558
1539
12840
6780
3249
188
296
47057
743
58125
213892
1419916
101791
161485
1817
4751
1020
475
7169
4209
899353
192
60302
104688
364727
134555
184753
68929
2584580
11199
113333
109587
679
4207
572
57219
914
16463
5716
127825
418
272412
344115
16182
6725
611482
422
272531
2440
96
1166
55
35719
3066
257
29032
790
545
4939
7157
524213
1365
320
76042
286
108
306
163716
113598
110817
1145
920
103002
58593
18097
2822
31808
3344
45651
1005
7425
460
25450
4553
8732
80088
112473
22935
259
380
1055
130267
104337
281735
1020
2390
27367
22827
45
14840
8355
3222
19636
265717
1968
153
710742
660081
267
1035596
1408
419517
3663
114398
251
132261
352
2668
326
1551
37702
488
1170
456
428
1060534
969
419
5321
14064
1085824
68585
1748
24708
98765
3054
78468
547
522
18342
4981
30065
14441
305091
2038
5639
2261
782
27011
22282
2399
12905
30638
132830
106360
2301
2337
98
101117
14289
285
1099066
498609
201
19675
28205
16621
585
1472
366
1881
3457
174
2687
713
14032
245
631
1643
119
5316
63651
1554
50680
42
4
134
66
325
208
82
605
10320
8200
3218
1217
6302
2506
1354
14212
3075
105
251
158
40
512
347
393
1178
1439
32
43211
75282
3032
155
12927
8230
1666
104
1640
7045
9125
926044
787944
1022753
114
110840
1893
20965
169
375
8
3507
841
694555
1545532
34988
47418
1808
351162
10928
702
207
6629
10721
1122
1727
3197
385
270
111
268788
154
167869
8564
148
320751
1238
128
6963
13594179
211
1353
1509
606452
1354
708
2045
216
6748
1304117
97
3518
554
457
106237
130332
11364
266040
115
1435
13500
896
3982
118
576
485
22135
766
58776
1827
2782
3202
1159
478
520001
3001
20826
9860
1451
2247
61877
106855
20628
20914
4010764
3470
120755
3404
2730
708
2151
1437
24486
5426
118445
3623
391
20
3378
22341
13911
108286
698
194
1366659
3567
4187
2657
3455
975
13327
5501
998
2566
2188
3713
12359
2459
15435
16248
13076
3632
222
2328
14412
4582
11687
1789
6214
2385
6543
9455
2572
12940
12240
1973
964
922
4919
104445
157
17508
12820
19478
631546
6283
113323
9824
3109
13812
2774
946
7395
31417
1834
1782
27494
4521
17636
14418
899
94654
11683
17780
2823
540
442992
609940
10172
14244
579
26309
6443847
1655
11278
7682
1544
42006
31310
58271
28673
108109
1444
182
62649
198469
272362
435
2133
420375
30075
1445
206335
3431
560663
425
448
618915
158403
17367
891
333719
8236
133
24552
534391
225
1648
3320
3044
182289
2935
267
456
591
31305
1934393
2828
84
3608
1029
53
15474
5023
159
341
11385
216
15703
23486
512
7075
211
670
21382
15123
486
197094
124
15074
2125
788
889
12210
4742
565
2393
278163
11376
460
945
686
1001
45
25
5187
663
4226
2624
5461
2945
402131
4743
627
174887
3227
31189
415
103762
213
576
5646
54386
157
5828
4235
378
5090
4155
128962
7270
2136
140442
2503
85536
673
1621
687
3200
60
14564
245
2186
310
10631
39328
10333
11394
6702
17454
63
1670
693
646
37907
4575
11668
394
26214
177797
1576
951
142721
50958
454
15424
59483
3635
2839
1655
1540
139503
6189
77632
31773
426867
7376
25987
35638
3495
63454
828788
105065
4296
7077006
4334
2564618
17842
298
18798
495
304239
17462
3284
965
309
492
13425
35089
1611
1160
297
3263
1965
236
29104
216
106
3461
940
901
275
234
209
1602
3444
2086
41217
877
1584
1150
867
504998
99
7875
837
407500
2982
2071
2066
1444
208
332
1019
1224
1826
536
140
600
299
495
5645
378
107
210
150
6850
314
261
292
1002
437
566
3743
41
358
1568
47
442
96
353
357
217
923
440
30
317
243
169
306
7908
5988
26063
11801
123582
733
103013
12755
107476
312
306666
249
130
739
420
1417
664
62
142569
3847
1851
121
996
79
4388
222
510
860
1059782
12489
1608
1305
3749
416092
2134
365534
2515
872734
710724
131590
219
48464
148
554
524
2963
101686
1734
3234
160
17966
5369
55589
261
58
965
158
287
144
380
159
1231
195
660
4675
856
518
215
4405
1461
235
100310
4473
6223
96
12283
256755
986
73643
14603
84
8
98512
114
17061
4073
1446
939
298
617
1023
963
1107
10713
3408
386659
185
78587
650
2359
518
725
2879
490
3530
2707
1576
384
2768
427
155
76049
335
17969
15915
1082
157
6531
423
18880
396092
143
681912
371328
857168
147
531
583
311
191806
472
993145
513
350729
253240
38
162
459
956
669
97
217
13583
259882
52238
1045
423
549
105
33435
169
100629
10682
8529
556
208
38
1769
3135
369
37283
161
73
150
83
106
1152
60
54
6928
351
591
101
223
176
102782
2418
188
9518
2934
1196
93
389
28735
130900
404
37
541
840
211
698
290
3613
1007
122
233
540
276
260
367
206
444
70
119
151
170
344
290
83
358
339
4858
660
559
1358
232
1006950
76
232
704
1098
291
46854
132142
6326
32551
478
113028
4984
145
1012155
794
931
291132
174927
28738
8533
377
511
6415
1831
13611
30976
11808
780
1238785
30138
1532
1028
19765
178623
253
995493
596
67181
138758
220341
13651
86909
305
619983
20760
1010688
3715
9058
984
5332
143975
45063
1205252
4012
14294
1012015
357
265040
65
1520
20807
71340
581382
1242382
1051122
30641
298198
14169
966
292707
411
2993
3485
5697
618067
700
17278
5561
4279
1537
1447572
525397
521063
439533
603416
1140815
5684
2107
5273
50361
20548
6584
12572
1251
948
22440
275586
3353
825
164774
334493
1479140
96718
50749
3486
77383
796
792
267
463
77
225524
73
20570
154767
26701
15592
11568
11120
18340
1252
137960
22963
2828
19377
673
184
24025
2502
2620
165
1283
1570
211
1092
3732
1836
185
942
1034
96
271464
408
1974
12661
34850
291
18791
1597
722205
4568
1518
6603
27714
358
5854
105605
17756
1621
4953
212
1836
18839
55586
6711
30369
3038
377298
108157
11925
295
1098118
1055461
35
597
14963
5387
70357
116216
3726
301444
46
5954
20263
180139
824
770
1640
5172
1536
138322
4846
6102
1368
1101
149
1249
214
191
303114
196566
393369
1026226
253
18620
19645
1034
35560
1237
8453
4429
130796
831
529
934
152424
735429
1412
16621
147
102062
1036560
705301
2441
108332
2756
2627599
1336417
459802
102319
82726
10095
1030092
26015
11750
136947
21283
133506
15409
14629
686
259
90
240
128
150
237
283
384
130
715
280
383
293
110
144
114
101
114
48
3821
471
852
6800
402
288
136
115
1527
17318
4055
167566
11925
1884
4274
242295
13183
537
827
2984822
16734
10143
23610
1054
202413
20671
1615
2687
317
1733
715259
4033
17876
1130011
137774
91990
1157513
980
12410
2578
3131
968779
76653
60267
44958
295422
523
345654
3936
1914
217
195
108
752
409
991
901
23921
106220
1024
2066
4192
1934
16997
11171
853646
2090
270
21069
4209
407
1241
198940
487
547
31
302
868
437
650105
68285
106891
42338
50861
148975
7932
11154
780
44692
1187
615
998
592526
312052
3233
1881
727
1821
1993
430
10360
432
2354
304552
1762
848
2412
12631
8574
1159
51875
766
14312
692
1323
256671
60739
307
4202
809
835
144693
272
388
343
964
2701
153
19304
1288
787
2049
165111
177
10124
119854
526
4067
179
373168
322064
139688
155731
11232
150111
33361
294772
23239
1813
2261
4256
900
699900
11344
75336
799987
285726
3619433
1077
21
33697
304508
293050
32193
38656
128887
194221
24040
47938
426484
4574896
10055
24374
450872
184785
937974
1728363
1478733
527542
33732
614079
1366554
1049316
1063056
2057
3001
258432
672512
510
168502
310125
42284
1323858
8739
627200
1326196
2958060
89877
490805
132193
82
524
43801
512
3612
61116
1028
13208
17884
2560
5148
82
2243
21063
203
3999
516
1205
1958
26296
2224
1212422
249722
258040
113
349
1126257
371
195558
995997
105433
8200
573
294609
469387
33
1098
775
425
280127
4401
1020994
1232068
493779
60122
4260
10778
17079
1046
16763
16
1961
138291
774
568
8216
81078
245849
1098
228
949
235
25
749
670
449
505
302
845
114
2747
1170
5415
15143576
224
875
625
1980
2675
133
180
1801
98890
1050706
116940
6399
45436
118705
24731
192932
44487
559726
2904127
132903
688
2241
1635861
26888
1349273
161
104777
44872
267
666
151
1281
6293
20843
13569
1557
11909
108672
3360
649
324360
233944
34
5388
5631
2541
6691
7113
548
2861
64
90589
1234
3431
23754
3
33924
675
3752
2458
3288
11979
395115
402172
1369363
519
204
262512
6702776
1358636
99845
7505
26799
550
639997
691718
48388
397
20882
763
18334
246
425
108236
381503
2530
985204
3807448
913446
88240
681100
332
225
355
1436
525
233
638
1029
109
1872
1243
728
3056
4979
620
103
244
794
110066
505560
5014
497
70
1708
322
44917
307
1163
2239
656
11285
6861
77
481
177
652
2967
412
1355
21333
1957
2347
544
357
2184
161
5200
346
350
191
227
1446
6212
219
2552
1719
406881
171
2537
43812
149
349
127
37518
4199
1320
384
826
62
2725
149
16118
4907
2246
9435
1516
60
426
26692
98516
286996
2143
23398
1828
12258
6302
973
3475
665
697
889
194
21528
51006
484
335
251
3231
553
269
113
1068
901
787
614
296
660
180
27
903
234
3682
482
847
988351
1406
126
7186
255
19171
258
678
864
2959
601
5178
196
475
1556
935
854
584
5433
911
39143
2673
106775
6469
10990
409
1197
207485
6409
73953
1196
22623
228
6880
65146
43179
254
655
150
1916
118818
2482
106076
203335
521254
5382
1497
1430
117172
1074
336
712
165
267
1456
358
2613
777
860
241279
1186970
679
194647
10280
3298
94
275703
12437
795
53960
2968
1952
1323
2706
5271
422
1632
74
296
228
1448
1308
885700
356
1136
11990
3516
1324
6221
3156
13876
7809
726
3758
11453
6039
971
76240
649
123048
17812
569
1908
160
7861
428
854
17520
780
223585
61305
230
457
33
455
14789
1970
118
1066
2301
328287
17708
196
19846
1477
74058
3670
95
1504
3508
554
94277
372
198
560068
3441
5147
36483
134
3503
15439
102
782553
7135
563
169163
31175
1969
4803
5812
4312
1142
20601
1942
3398
48175
311
4557
1345
2624
27271
539
985
941
877
2094
670
10426
1979
21239
236
35888
111012
3095986
1130
156332
165652
214397
9089
4521
20586
829
2409
228
1933
217654
234
149
15442
271
368
312
483
1099
545
3118
21818
103
362
315
13176
1400
5868
15954
934269
3569
16
414
4041
138
1150
453
27684
6167
286
9085
92990
16718
141
23641
1122
1000
288
254
2526
911
1123
474
37988
2217
268734
507684
329
217929
60221
846
1543
81624
237
3172
2865
199
734
177
198812
122
22178
557
720
1820
1630
2781
676
978
40523
549281
219
844
2981
2681
8041
465
144
880
12065
1260
518
4403
141
9777
419
2001
381
703
940
489
471673
8692
500
20583
270
225
65
784
238
554
678
26164
12909
103449
9514
114
1737
25473
1055
58
301
407294
135968
140
8601
1962
714
267
1885
40574
176238
284
270310
25198
206457
201
839
19806
1181917
538358
101463
1549
21428
68996
257839
645811
728
3848
955
22321
12607
75
105044
6984
1014039
18679
17411
1040414
2473
12734
69614
1446
3054
139912
468
4817883
162435
2046064
99464
527285
21313
331032
125
23741
1206999
1501
643759
586713
801
121351
305
130
369237
1056129
1757919
906
377227
974374
7885
110692
39093
1138698
219217
148489
496813
495972
10017
31272
260894
23122
4205
82319
177154
2162114
1414322
1010474
9004
1173216
1835529
150398
3563000
286
134022
138230
21389
6259
1474
190
142646
98385
474
17150
15493
412
1691
87395
176481
161163
64653
2420
131827
578929
12540
122560
82929
986
3515
183
14604
1659
470
50271
7141
6
21827
7928
92504
113114
1869655
5158
1010836
5157
1153
969
990
13281
170290
303
5870
13734
126
249
1629
1006545
24414
2478
49251
296
153
124039
81947
87042
112670
9835
13694
65242
2892
921885
116494
157946
194628
634
12231
20430
1112879
13119
104759
758847
17765
12113
290255
20170
221835
4205
7462
969100
7222073
98613
124432
46445
983
606
323739
1760
998
23741
1101
12347
165
2104
147227
4504171
136587
13612
816
391
1055013
73803
32537
4111
1292
614
1914
764287
954
4499
18603
1285845
20247
14880
48198
42437
2893
178661
390203
1965
1425716
7197
137279
34378
16597
639
2777
1362
324
8068
8262
240367
11354
15524
539453
1784
10412
465611
221535
2827528
491998
62951
3810261
10967
14346
3161025
729699
3227
351680
1035548
4176
97449
5912
28207
728
8076
2637
205316
2247
20512
126034
112401
999445
70906
85356
488385
1171870
238069
22039
274
173
313914
52473
667014
1900
138847
16979
329
15574
545597
102499
230
14939
38192
4487
35892
2501
3312
276910
190920
1737
22976
2554
11357
115838
52843
4260
199051
671598
10362
108245
1250
102698
36921
1521
128452
7191
310698
427385
49770
440120
54418
678304
9057
119103
1006142
1479461
2178106
85999
519
147
4697137
125934
20764
122
472
12889
320517
203297
2003
1144
463
2636
23704
17305
241360
9017
308
68144
487297
2688
2413
6517
1305
149
2646
389
161
991
326
6328
54101
1073789
61142
899
339390
1158
792
1582
100513
57935
1421
95431
590338
331
347
212
448093
3077050
413320
1486033
537408
341396
1086632
321913
505760
140116
25292
2270
406
1070950
43486
737454
14329
37767
529850
775803
2008
8775939
2988
19060
202806
589
10003
562867
3973
2572
337837
138316
780173
3277417
3638
11177
176135
14907
172264
13484
154
312
11234
3967
49613
3114184
413
12079
6428
39568
500
278166
721
18054
961523
8043
3384
225467
211
752
13929
3143
120
1725
12644
10539
3929
404771
36319
786
20296
23808
2694
75422
139843
2020
101
255
478
13177
208
53024
7993436
8040
1996
3611
49078
224112
513651
880943
182
165058
465927
142173
887
24511
3595133
872116
529570
1071
163990
215563
225660
5469
246206
426761
34530
422
498910
22945
1079088
16025
606940
355
664
351
345474
32809
3154
26666
15576
1881
466
28261
707
110749
214255
2296
150399
201806
5497
11831
1771
457
940404
97614
2625604
4786
352
1161223
33
1068198
2284
