240
25
16
5
425
153
29
165
66
19
75
132
204
135
36
9
162
357
62
100
82
38
658
47
51
33
0
8
96
141
48
56
77
347
92
132
73
44
85
15
24
539
95
103
211
183
29
52
35
759
54
1171
2567
241
84
23
214
241
105
168
231
480
24
38
130
164
16
204
2
333
110
121
114
63
123
187
61
24
315
124
118
63
396
30
180
40
21
49
38
338
32
232
412
58
137
518
839
168
1360
56
0
1943
224
108
174
106
54
56
2000
114
392
39
164
24
312
111
46
100
918
40
170
2000
239
1203
2
2000
0
160
191
16
20
163
52
62
1
130
425
172
33
29
66
36
23
263
57
777
711
14
235
135
107
11
267
304
322
622
91
120
55
376
25
1899
73
47
597
136
24
107
240
3
154
113
119
61
756
1688
296
581
4
224
375
1992
63
42
236
86
103
866
0
172
60
267
373
67
20
24
1995
77
63
0
39
1
21
96
1625
143
0
5
422
1713
403
202
63
110
5
49
34
139
28
127
111
1989
171
125
20
62
187
94
86
0
19
78
1
25
335
135
86
12
156
32
128
32
11
193
143
962
207
161
167
113
2898
75
74
2
245
137
145
213
19
55
66
214
116
128
266
58
1168
37
355
32
101
34
98
199
25
1756
97
82
543
281
297
85
719
188
16
166
5
108
77
73
22
149
34
422
727
257
254
169
440
753
251
207
179
40
30
69
574
1997
0
338
72
12
40
237
641
85
50
126
174
65
0
2005
272
266
139
127
53
516
360
182
416
382
38
27
507
76
33
37
349
53
19
274
66
97
47
426
961
199
49
60
86
233
252
2455
2367
6
111
1992
1998
267
297
22
53
134
55
49
32
1
231
0
316
0
946
1104
81
274
741
102
70
98
18
84
514
336
357
2000
914
318
16
265
596
308
40
127
298
161
182
3
15
177
44
226
14
116
630
75
80
175
417
1134
44
240
405
147
433
606
305
233
24
704
80
96
595
80
156
39
190
127
68
717
88
385
141
149
158
227
78
25
540
79
110
144
1874
204
606
31
935
124
154
119
80
280
225
40
135
77
1995
2108
214
120
561
369
244
197
218
124
47
33
150
9
44
47
0
423
1
364
391
34
112
1991
82
1049
49
413
529
12
593
78
50
263
116
95
17
324
1225
105
279
832
249
1990
616
234
65
63
103
82
102
4
8
361
223
171
259
107
118
27
64
243
298
22
18
1995
110
320
280
372
307
662
213
1995
222
29
75
187
164
18
53
165
771
246
464
1994
133
176
46
197
253
1995
60
171
235
132
1992
2
1996
264
198
229
639
272
120
323
936
243
53
152
1996
250
79
287
19
157
1995
1993
18
153
1998
295
72
1992
47
38
101
36
284
20
37
364
395
160
277
462
79
319
249
265
90
30
37
35
1994
35
1007
85
247
274
31
32
218
110
65
80
17
244
76
9
218
271
238
111
376
280
1994
158
347
140
50
147
185
54
40
1828
1192
258
265
76
28
33
50
2002
389
332
224
34
634
184
282
364
1068
113
155
17
123
12
1729
292
28
146
230
158
117
60
2037
152
387
65
275
646
565
1993
162
193
125
2
20
94
2996
206
456
58
77
75
145
1098
1992
251
1996
199
214
1423
0
1996
2
11
140
2530
108
1940
83
258
289
90
281
364
98
1225
54
156
479
669
254
219
133
121
2024
342
173
194
126
329
321
515
71
376
50
122
111
49
2000
758
334
242
232
302
99
420
97
386
128
127
229
141
233
139
351
536
269
550
138
319
133
315
63
135
210
211
372
282
232
532
325
1963
464
47
168
52
72
1795
2000
143
4
32
11
286
20
281
259
285
15
261
179
260
269
190
17
42
275
157
1
99
24
236
47
227
238
128
294
1266
1904
70
47
575
322
276
22
128
695
179
48
2994
862
424
1682
1
2000
155
74
113
26
1999
66
36
132
44
1988
151
231
21
170
44
22
3
86
56
380
409
248
50
79
58
45
111
55
48
74
108
18
258
199
8
221
198
67
50
262
254
268
344
125
32
58
260
29
102
221
121
169
118
103
7
57
77
52
152
201
1656
77
149
110
58
132
133
330
276
57
148
406
277
87
483
48
348
424
1997
142
33
45
121
1997
528
71
77
174
124
455
115
202
605
29
1966
38
221
721
302
66
82
2970
13
16
220
108
9
271
116
71
228
67
6
113
305
90
1174
70
59
62
410
359
38
110
1058
440
26
46
128
55
57
22
315
150
140
38
2000
23
42
628
6
129
299
35
424
1
143
141
23
3
141
1062
38
92
199
103
134
72
27
140
47
149
47
147
913
69
427
55
402
835
197
26
653
1
176
78
1925
1
201
114
23
65
1887
1055
48
53
350
124
36
3
252
31
5
117
5
466
278
227
138
521
472
8
115
459
75
436
290
101
5
34
401
46
218
111
294
1251
147
223
145
551
333
180
123
201
24
77
154
65
1029
83
1992
119
1126
2
7
404
69
215
1999
348
258
1993
115
317
401
78
3
45
31
61
93
108
205
153
16
82
60
207
150
169
260
3
201
234
183
252
1
636
530
187
458
330
234
498
482
576
170
255
439
194
1626
177
168
45
180
63
1718
286
76
96
620
75
132
40
104
752
328
1120
352
128
496
27
624
135
357
7
92
179
272
634
150
148
153
272
291
287
4
89
9
144
247
594
190
91
1997
67
44
318
206
1549
116
227
97
172
165
177
118
267
191
164
101
233
78
232
100
200
564
409
138
164
1008
73
164
304
117
100
80
183
191
231
241
18
336
331
123
60
26
17
17
76
185
335
139
19
60
535
196
41
44
63
34
93
287
109
58
774
505
1568
782
88
90
290
783
412
253
411
811
157
386
88
177
44
110
37
1485
151
559
155
59
73
382
70
28
1007
128
215
58
268
1775
246
644
237
10
208
113
33
102
163
458
1637
18
123
23
60
57
1787
252
234
1930
28
112
116
3
101
233
1386
179
145
57
265
930
1980
155
1283
289
137
7
25
1957
378
128
78
87
1987
72
1999
42
196
378
1402
212
58
8
820
94
98
142
0
169
377
232
552
123
53
349
329
83
165
878
7
299
101
175
115
84
68
114
21
517
140
70
191
1999
37
39
1969
105
40
237
256
41
551
152
649
45
50
339
24
233
144
234
113
53
316
393
46
333
112
48
81
568
190
268
212
324
181
93
57
633
16
597
188
232
1996
360
363
735
110
201
80
168
374
56
175
377
816
1437
304
172
86
143
255
336
52
453
19
127
73
160
167
180
32
10
115
183
61
693
1013
1924
73
188
459
293
439
174
158
74
261
842
4
83
139
441
76
41
94
279
218
976
311
166
203
111
483
31
153
99
2885
193
612
22
35
252
130
70
34
1948
99
185
21
74
179
157
20
98
224
1990
876
162
105
65
671
2953
36
384
118
902
193
378
312
2000
51
3
182
248
99
710
373
908
15
1990
312
90
191
250
150
48
373
105
98
183
23
122
82
192
221
169
58
359
299
36
140
153
70
278
134
298
249
96
30
23
92
97
69
139
28
191
742
97
251
275
493
71
172
59
1759
262
37
251
77
319
850
92
42
16
249
26
233
183
1986
187
38
21
103
64
78
168
1099
469
44
196
8
210
627
322
33
53
464
264
44
12
41
29
21
382
30
32
1994
306
39
108
61
77
32
364
94
199
194
46
513
1948
158
146
330
87
374
369
5
72
54
738
91
236
73
508
58
1929
365
748
107
1820
95
209
103
1865
486
373
56
143
201
428
40
6
2000
2001
5
172
134
365
497
213
1632
1996
1410
69
220
53
297
1806
159
243
2062
63
346
660
93
185
67
60
492
591
1057
14
14
3
762
165
874
255
42
486
0
230
138
68
13
334
62
275
1085
1243
370
1891
178
210
303
79
747
214
475
302
177
1374
1845
169
229
291
822
113
574
301
0
424
1995
29
192
366
1744
275
222
56
454
19
1999
422
360
75
119
201
28
140
161
149
138
200
240
43
123
42
1
63
84
487
80
398
760
175
172
14
325
57
2000
1958
249
28
76
1017
208
282
725
634
561
103
180
1
446
473
277
79
812
405
508
154
1152
1135
251
438
8
107
178
193
901
203
193
484
370
489
1311
138
20
23
82
130
129
201
32
34
118
735
96
1999
1085
305
136
222
303
291
323
153
108
68
89
0
54
224
557
93
222
234
114
462
203
119
0
56
189
436
127
123
138
269
123
248
111
743
1444
477
106
405
974
1965
171
1997
266
583
360
139
780
180
200
1994
286
474
70
1427
1979
216
27
186
134
52
622
118
116
60
36
103
416
84
136
24
19
127
315
103
1035
368
283
52
127
106
1037
215
214
111
98
67
426
399
70
240
1936
73
55
30
390
299
97
105
1227
144
200
40
142
521
627
175
120
189
318
473
1923
109
155
186
175
541
243
127
1
12
1
453
288
169
520
137
130
220
2
260
573
418
112
232
387
262
453
25
326
1958
13
195
418
15
33
87
223
312
411
342
333
86
56
56
77
346
228
177
171
8
201
257
32
349
1995
1993
10
2000
54
54
93
0
2001
110
497
43
511
1629
114
154
160
46
458
134
54
183
40
179
131
734
251
138
200
586
111
493
240
51
342
192
199
4
482
127
48
2001
328
101
72
164
185
311
100
404
2000
339
269
186
790
502
125
68
32
1632
2
193
1292
240
168
77
147
1491
227
93
341
210
1195
509
208
44
982
56
187
314
1799
332
566
2
605
24
31
344
570
326
140
133
646
77
170
58
433
1830
96
186
107
207
206
69
1860
36
97
530
140
478
265
196
170
1931
67
953
270
42
1979
300
170
686
1521
391
485
1934
3
1934
448
8
471
2457
215
196
498
783
1910
6
1641
2860
380
43
1298
17
1365
1012
120
644
199
113
1713
392
1983
1959
26
161
46
185
219
62
53
410
1773
4
1
1760
0
1393
1931
276
60
1242
434
19
198
34
599
1892
4
105
98
210
153
136
453
148
1090
120
152
865
106
139
51
554
172
104
183
79
1986
191
25
180
378
192
1993
63
148
22
84
231
1662
135
227
263
312
4
152
11
60
37
428
1126
148
105
32
23
232
24
1272
22
1786
619
56
658
198
109
1001
240
31
59
168
110
697
1945
440
102
462
343
134
231
1109
215
1284
213
66
305
250
113
81
171
314
291
142
228
267
72
40
104
95
30
94
1237
2500
2364
274
135
237
95
43
237
678
1139
13
201
1458
557
87
93
307
46
56
1155
180
16
103
26
68
237
0
327
337
178
692
1446
476
63
1297
106
1785
34
633
521
352
256
1255
2180
1019
1044
526
590
328
84
206
23
1720
321
87
286
92
43
1398
1524
48
235
123
47
348
112
166
164
360
222
94
25
80
983
200
92
31
401
791
191
245
472
640
1774
78
137
44
91
52
484
227
935
89
480
268
649
51
26
108
277
251
1939
63
120
742
139
2691
528
1524
943
436
513
28
205
271
868
36
91
497
118
30
207
13
140
45
264
2374
70
172
27
30
45
171
25
66
313
341
0
1099
1561
308
1727
1077
127
347
274
0
125
742
141
718
443
379
1187
620
479
345
601
11
41
301
517
1979
122
37
238
260
70
279
310
369
331
477
25
1109
403
99
131
230
372
118
129
229
875
232
258
271
281
546
439
193
273
1675
1784
936
1776
1999
980
1106
872
276
444
2708
14
198
327
0
42
226
368
135
452
256
127
117
43
152
18
82
573
55
164
169
142
611
160
464
273
332
9
116
235
2496
144
11
813
527
106
149
230
642
128
101
57
874
244
1073
1043
142
171
57
350
35
130
271
360
513
397
199
625
218
52
208
1985
811
47
920
457
121
151
434
1468
52
368
218
1998
824
91
1451
137
371
51
183
81
285
512
1596
202
37
577
504
645
307
61
395
250
1666
294
141
49
1259
1193
281
21
1563
2000
2705
1
435
1928
219
45
67
209
289
116
60
168
164
788
94
688
54
984
1997
946
902
428
825
335
1326
400
790
65
822
274
209
118
1599
101
334
1943
684
384
225
849
576
2722
706
74
241
388
128
693
229
1213
217
25
258
1598
599
346
294
810
176
152
2489
3
13
172
82
219
146
1411
736
475
375
1787
313
1092
1590
26
672
525
130
758
343
49
1479
1489
351
120
3000
907
1794
106
494
101
2959
947
1142
761
1942
234
33
1170
277
2495
1684
1482
258
174
892
2477
613
220
319
398
15
1652
1414
1676
347
538
267
1873
118
491
346
766
176
8
733
195
101
149
1872
1102
2866
161
293
372
1913
5
1132
663
877
2968
238
22
195
117
121
103
580
452
542
107
26
97
1808
17
304
7
96
1129
1936
1115
533
950
57
1167
529
74
299
59
642
2003
1828
324
2696
689
1739
505
671
230
52
1162
311
996
163
495
139
245
2896
1947
68
261
187
999
1795
93
96
1364
2240
878
1964
694
717
553
189
209
68
579
1763
329
2256
2473
356
2538
587
796
616
450
2365
2000
749
1440
2022
156
686
52
537
1911
495
257
115
382
792
389
581
2989
783
127
498
746
143
867
2711
1531
470
693
241
1999
826
246
526
595
242
898
384
593
1100
941
448
325
2996
56
292
114
94
595
185
532
1301
164
108
666
26
2
137
199
135
359
328
639
392
367
106
208
1746
681
61
20
127
2972
666
92
24
222
37
1994
754
862
2876
200
650
2311
1325
651
1017
1404
519
234
1119
166
197
93
52
285
106
84
164
731
1828
2965
659
32
945
249
154
101
1373
13
443
1360
839
451
1028
921
278
276
2000
1999
199
456
1887
2014
655
548
80
556
444
525
126
1516
205
1634
1325
217
2295
613
1628
199
0
35
3
743
482
94
1439
19
1293
276
201
55
229
71
496
4
392
136
1704
217
101
111
283
177
151
78
299
135
57
739
136
123
1672
314
114
482
1991
147
36
260
648
47
44
1326
152
361
165
397
73
167
113
138
96
303
305
113
392
380
388
689
2000
407
68
873
67
129
134
410
462
885
198
1805
203
553
466
241
136
2959
935
233
36
88
209
78
3
120
477
6
173
35
169
133
1964
87
60
60
2411
320
195
113
188
259
214
157
255
244
87
105
912
152
605
133
433
1155
222
183
455
79
43
361
22
1733
79
426
712
652
539
119
128
97
2966
600
1442
216
251
1963
2971
242
551
106
460
2945
1016
255
892
144
97
2395
1370
1195
356
1200
117
368
225
2875
1698
590
263
527
2125
1987
258
1464
455
626
30
101
681
2728
2905
2692
2713
747
455
1814
1992
748
318
762
903
1214
939
503
986
452
689
2894
934
1031
590
2002
779
706
191
1759
433
347
2000
160
148
185
1146
56
223
614
95
108
102
60
104
407
284
162
270
75
269
400
66
263
733
491
6
1483
160
410
386
137
99
491
179
319
2283
236
254
72
82
226
435
57
434
26
120
84
169
146
552
506
156
459
485
409
10
278
32
2000
164
634
375
312
2486
1617
271
488
744
280
1279
1217
812
286
59
2864
281
2495
409
490
653
19
1995
961
206
861
1228
590
211
99
428
876
316
441
612
31
1129
317
83
39
50
133
300
207
200
67
172
807
507
2903
261
800
481
686
459
87
298
216
185
632
40
116
17
100
179
100
73
314
527
51
3
26
977
1
1715
73
20
121
21
1897
545
466
480
91
106
989
303
812
21
332
210
25
710
145
110
77
1091
49
66
129
152
442
2796
503
62
479
617
211
250
300
144
471
60
3
255
71
81
84
212
52
101
287
2621
173
108
1513
535
74
38
1689
230
132
291
240
246
79
925
326
121
502
389
209
63
515
82
101
584
328
200
174
61
495
316
558
498
278
97
96
936
246
130
56
510
237
63
269
2845
707
82
1536
971
184
775
60
178
754
660
2999
103
306
290
18
492
486
72
148
93
160
142
71
72
228
176
85
55
1149
73
80
195
870
169
1145
32
236
1
314
411
342
510
26
87
190
373
305
910
1493
204
2001
74
375
406
4
393
78
696
1997
2000
333
159
987
239
1209
1969
194
459
481
382
56
2000
531
115
50
726
226
56
27
106
184
339
104
479
159
2691
207
559
202
1088
156
1775
1327
1012
788
272
2000
1349
1986
143
93
75
173
423
223
184
223
65
421
278
364
814
456
52
175
1881
2381
109
2255
208
146
712
114
48
116
278
211
287
94
1593
244
122
1454
107
199
186
318
139
329
189
179
377
1491
402
86
476
96
1826
112
122
201
1247
50
582
241
74
117
355
373
103
269
2238
157
550
212
942
267
422
1529
402
2000
186
675
529
150
271
166
155
142
486
188
159
286
204
53
176
104
668
292
1942
2036
350
90
63
600
273
344
107
238
64
370
2977
171
2
40
403
195
458
121
90
400
155
208
216
292
1137
263
401
790
266
686
185
403
208
3
964
318
44
314
2199
2737
117
2000
175
169
259
114
74
159
1987
288
43
259
190
1029
672
1346
1167
58
103
247
723
130
347
348
44
13
155
1967
510
1299
257
2451
2979
259
1295
2500
985
141
305
922
2178
417
984
876
254
524
581
1563
2159
1991
968
874
1065
2909
770
616
1257
331
122
581
703
783
2417
1098
985
1588
91
255
455
1574
164
456
235
613
489
522
743
294
944
1979
1993
1946
1137
563
255
1499
707
1123
802
278
757
509
317
593
1996
486
1997
474
738
452
1253
186
2992
335
633
1218
921
525
2013
254
1607
1440
1096
872
864
580
320
1076
2409
398
407
229
2991
2719
2332
1961
270
305
1750
1907
1475
687
1778
152
124
411
189
31
265
33
215
217
447
261
623
1429
171
54
1551
1940
97
151
235
358
166
232
383
417
2831
2541
233
195
333
352
130
1999
2621
297
1476
470
2901
31
384
1587
182
134
421
1325
28
210
275
146
678
1063
1208
47
209
1941
2995
1757
164
967
271
113
810
136
790
696
399
1998
775
487
668
287
1415
308
99
532
258
1224
2883
60
226
244
314
576
236
144
149
2574
118
172
323
187
1160
1495
524
236
2957
293
247
694
608
358
358
1549
1917
1577
1126
258
15
264
785
29
106
888
2833
126
540
203
1696
304
186
168
79
126
171
7
1196
214
1983
57
240
5
311
1997
23
136
112
254
160
2717
44
898
638
367
807
373
302
165
1081
113
286
82
1587
349
304
171
417
1650
1996
189
1015
2000
352
93
176
629
594
118
20
684
187
261
307
139
188
205
153
98
235
216
56
47
189
32
242
91
1023
1108
910
1619
1337
1706
183
378
141
162
36
6
92
2000
142
299
2500
1391
1099
43
137
8
187
67
540
321
23
310
570
74
1653
129
881
2
20
244
1252
49
98
398
135
112
981
440
1585
888
222
109
813
251
46
937
320
55
2000
307
159
276
196
161
475
128
80
396
186
51
183
589
66
268
95
156
77
34
218
1
40
29
1052
29
528
140
37
37
899
446
324
525
78
1995
173
218
463
175
330
406
111
81
203
2000
169
314
450
80
938
233
170
182
1050
141
373
76
109
472
155
136
118
86
36
55
128
330
23
833
13
208
46
97
68
1440
2963
1993
37
60
792
51
1998
123
1934
406
454
2354
1336
18
7
142
236
212
97
11
226
72
1467
244
531
88
866
788
106
1890
160
168
518
1625
346
625
416
1444
856
913
154
405
138
369
187
102
331
45
179
125
136
30
37
6
417
114
1114
194
377
126
97
151
2545
55
1776
766
311
1148
15
217
77
963
466
4
398
768
208
224
136
729
276
387
384
1452
232
152
581
69
242
835
244
1417
136
223
34
255
1773
2209
2078
1996
30
224
43
394
218
59
133
95
2687
380
176
441
285
206
2000
267
480
219
872
749
98
32
242
373
42
74
36
325
361
551
96
35
141
75
384
364
120
139
184
340
40
18
218
9
543
68
158
212
22
617
1885
48
92
217
104
12
119
342
326
158
459
165
173
994
224
284
1509
146
1744
459
465
110
45
50
400
23
232
72
118
248
123
244
538
252
233
182
184
13
64
50
609
166
170
61
1994
318
289
368
113
92
604
124
109
33
85
104
47
496
5
234
173
410
171
102
26
775
29
73
73
31
2000
201
200
1011
1374
291
638
285
1195
1352
315
222
738
317
105
495
1417
573
106
87
173
1671
297
26
1419
1795
87
42
285
754
64
149
267
266
119
168
379
202
211
36
287
375
836
53
325
1858
1233
45
1995
187
32
110
73
1283
202
200
2977
108
115
729
415
1918
139
407
195
141
479
75
449
306
83
888
224
119
235
142
80
315
297
132
262
184
1243
438
639
270
1184
355
2497
206
1194
1366
121
70
242
250
1997
223
269
200
141
1197
141
434
1999
169
1223
830
528
1772
106
302
140
609
376
418
1435
19
133
451
116
134
675
328
95
89
38
1965
211
1558
83
1283
808
2648
483
250
86
2000
2985
2000
972
628
2980
306
216
137
697
715
1280
501
8
383
164
641
291
2332
74
275
273
318
1600
952
96
738
45
736
481
2001
959
5
1701
183
1173
2324
286
499
311
1234
690
432
1994
1613
366
999
501
354
535
98
1813
581
157
189
901
5
79
122
1980
46
2988
2249
361
191
958
231
1991
378
128
767
1616
401
129
1998
308
259
2000
416
160
36
115
124
632
778
606
559
299
225
975
97
225
356
126
48
187
332
35
129
137
53
421
1546
678
367
497
1199
57
151
254
461
2924
357
91
612
156
29
153
127
1676
1998
677
918
900
200
21
450
109
17
1745
38
14
182
275
106
2427
2000
480
1825
2619
326
2000
523
1000
2493
479
828
1133
164
99
229
259
1002
1092
158
1233
241
520
132
330
286
173
1977
195
125
360
818
42
2998
2977
1505
251
1666
225
98
131
670
84
1898
1103
378
319
56
2477
730
1983
170
277
299
2937
1965
579
996
719
147
505
452
204
1745
642
70
868
139
42
891
2683
3000
1859
501
1859
143
591
91
138
249
153
158
226
276
291
425
280
324
477
30
1968
816
1971
1405
1836
1985
260
48
408
772
226
693
32
193
335
84
448
134
552
170
502
568
93
480
1736
1789
1211
113
20
68
124
261
185
199
110
71
2000
1461
722
64
321
108
63
387
164
629
1199
2248
487
163
997
163
223
1
83
116
337
1035
312
581
130
142
46
127
45
145
149
919
226
345
353
113
95
159
227
102
44
30
436
84
1575
109
118
76
109
389
162
378
762
248
1165
203
251
166
246
117
197
527
101
273
233
354
375
430
1678
515
652
197
159
172
246
2611
195
940
221
126
1081
248
144
207
81
688
88
256
967
151
163
765
724
447
88
451
369
440
17
1978
1083
773
983
268
360
1007
355
235
173
267
154
663
243
102
256
282
2148
123
147
597
824
969
347
1116
124
171
979
340
51
236
620
279
627
342
818
785
112
1710
1479
143
132
297
1637
117
56
292
271
100
221
550
357
2902
140
2581
832
313
667
2
158
555
175
341
212
999
1893
712
481
658
521
657
342
1646
680
489
248
108
1137
458
1047
72
1153
902
143
1035
93
112
105
1947
999
160
974
417
894
1286
3000
739
84
283
35
1993
1414
74
326
500
1080
1423
624
1665
1863
290
76
206
2015
1591
72
290
1972
341
114
726
986
1546
873
108
554
688
148
2000
134
1945
308
1044
92
168
138
116
1841
263
451
29
175
366
1996
79
423
256
141
39
289
69
204
77
93
222
220
1980
14
384
1579
2350
1251
493
64
309
140
1888
1925
3000
531
2002
1842
1109
134
736
486
1717
217
1713
294
1988
1655
273
425
369
135
287
29
349
139
78
163
1558
770
75
1117
190
938
12
502
35
680
183
197
212
314
128
49
427
2629
367
1294
38
232
515
2385
16
199
1544
1459
1166
312
2743
2999
235
140
168
39
26
139
1697
1613
36
228
350
1002
242
328
286
297
1108
165
136
77
98
500
84
62
276
76
151
525
649
140
2361
317
24
95
325
79
782
90
50
164
163
669
110
72
211
80
19
107
38
1270
1152
40
1997
120
691
141
1096
156
288
238
60
270
616
162
168
74
741
1477
175
156
115
43
936
80
78
484
238
600
123
2195
273
454
183
14
243
127
1985
2968
336
77
127
104
198
970
11
1019
1364
56
584
1212
150
564
710
230
31
413
1296
472
454
402
888
531
141
1278
102
209
266
1148
616
66
1985
399
828
40
307
253
250
402
330
144
2308
113
120
812
78
39
194
765
1733
77
114
2000
40
369
46
1190
109
39
1058
226
1190
875
326
104
1196
181
109
1653
37
1042
1211
97
59
172
58
213
545
141
51
186
365
1532
604
46
124
765
2956
319
43
203
330
756
282
614
80
210
925
1722
868
1775
1132
202
1629
297
703
121
246
130
1221
2707
995
1737
634
541
295
35
146
185
1470
475
1818
408
2319
2932
1575
979
151
299
68
43
577
624
2195
2686
1381
1330
2066
141
217
10
192
681
334
1993
1274
339
323
25
537
1393
1129
16
279
412
159
53
117
378
24
49
162
1092
297
268
243
343
17
108
441
177
23
186
84
1974
212
214
505
2963
801
461
1968
64
155
1976
1728
243
233
60
249
158
271
427
917
240
1131
1084
446
187
415
148
110
639
13
304
388
307
12
175
405
570
38
30
516
218
116
544
693
634
81
422
1780
116
232
948
564
44
1497
41
1416
559
958
269
129
134
128
64
285
132
1226
2208
165
212
265
122
1843
1763
207
110
148
28
2703
88
2098
894
1868
2209
228
138
652
831
1231
1555
2557
1779
1605
1875
527
181
10
57
17
29
240
60
2
26
14
107
1338
332
259
1517
193
401
377
1808
334
1443
56
768
1758
287
253
2411
2000
422
1995
1304
39
874
210
1915
1966
1270
447
403
54
912
219
2872
176
1235
1609
1949
1999
248
69
2851
127
539
811
289
1866
252
668
1161
595
37
1442
1655
362
1550
1963
63
546
231
2413
152
669
514
464
1170
167
70
196
520
387
1987
862
1964
387
528
38
328
511
84
1999
110
1651
1743
1228
755
368
1993
181
487
1984
846
134
850
345
58
360
1930
1040
226
1411
488
1999
83
1995
233
1085
254
299
2854
1032
83
229
1086
160
257
366
1037
475
2244
406
2746
571
2433
187
241
1833
48
53
222
38
1019
168
1820
1589
1640
19
205
209
35
115
1
1975
1900
357
1952
1573
67
342
1093
2350
161
1707
63
41
207
153
1760
46
160
1886
2757
678
3
367
2272
1946
161
1963
1000
22
1404
1979
660
763
786
1602
559
139
1653
219
2000
232
940
1936
2872
349
705
1013
48
2873
218
1866
375
50
81
1969
362
664
467
151
124
887
156
985
526
2704
1145
1320
172
301
136
383
1280
1971
521
4
1026
2471
885
299
327
276
92
200
125
132
170
437
116
66
236
116
723
644
2045
209
101
644
382
857
2255
92
1822
95
335
48
1553
141
218
35
1775
1251
136
146
207
742
280
443
1584
637
639
1112
1789
140
2438
730
269
1331
834
195
160
116
141
272
272
190
190
437
2270
194
2984
1266
1421
314
389
314
427
97
1037
242
20
109
97
82
21
361
149
276
2031
120
25
81
1557
159
604
277
1027
348
82
1616
445
300
106
272
284
623
398
891
913
127
987
113
290
428
157
298
960
1658
249
735
1910
83
199
1597
580
0
616
1357
250
344
51
12
280
1111
314
487
1262
659
179
301
785
59
53
631
2624
2292
245
141
159
300
29
101
414
101
129
91
115
472
433
497
593
94
133
1186
72
543
117
1956
474
1169
57
28
42
1718
1
937
27
175
876
595
2329
885
2118
1747
250
136
513
243
1232
103
104
287
1118
20
360
181
16
847
14
780
275
264
1030
487
80
93
323
2665
515
521
215
295
2291
785
149
906
0
822
1998
1970
782
367
1144
447
206
329
454
1098
901
248
1170
318
1537
253
409
498
180
1828
219
1135
265
671
184
1614
114
150
110
544
1999
1927
187
1662
2588
1169
426
116
1673
1453
1177
36
2190
32
2287
337
128
296
1930
582
76
1047
155
1601
335
1076
1209
1029
2689
2995
1145
428
435
772
37
2174
2828
1652
378
1764
424
1608
744
229
489
1712
1029
438
1535
621
975
1133
287
298
978
1638
668
64
151
854
219
553
447
368
3000
1837
464
402
1692
13
351
234
0
237
767
128
72
590
2384
266
266
1979
470
122
944
1
1482
479
367
212
3
153
930
509
78
155
2013
176
882
2393
61
2135
1307
652
30
788
785
190
215
262
62
283
241
127
69
214
459
501
270
896
33
238
26
323
1184
519
1877
550
310
356
181
221
239
271
193
1999
60
51
107
270
468
102
923
61
270
348
751
648
655
1859
985
474
268
215
874
202
93
191
215
329
1096
339
631
209
544
275
568
34
218
2385
839
660
235
700
577
260
353
1726
38
91
391
262
48
172
364
116
433
757
93
127
256
107
177
180
96
73
357
327
2044
133
142
420
144
237
613
181
610
815
456
557
1372
114
1292
154
259
1405
904
1386
391
491
577
161
170
262
242
143
650
310
275
195
405
1641
307
157
199
1036
183
142
368
421
298
114
225
143
861
153
1798
252
179
428
922
343
342
1826
807
527
117
154
1666
420
1375
153
527
15
1903
2000
792
1563
391
1233
1613
1858
96
837
2169
560
1150
205
50
2246
2500
1922
2506
2753
629
436
1050
180
398
231
210
81
1184
353
358
1993
1988
950
169
1121
1
2973
95
354
1435
506
120
728
2086
1030
387
821
1335
2000
1135
124
728
970
2016
121
161
44
1613
496
129
1693
155
2921
204
2000
1162
693
200
131
419
172
669
1647
129
48
1282
339
38
38
758
1390
87
1162
46
342
815
562
449
2539
25
1061
1122
180
645
11
1779
1107
24
1192
18
517
1869
1091
514
187
1152
32
306
1593
120
648
735
288
339
153
1970
175
228
115
1689
125
236
469
601
563
136
51
148
388
146
1166
466
338
31
1997
83
963
842
287
59
306
2000
15
1430
223
1691
2397
1042
367
1198
1334
1815
15
1538
73
2332
503
1620
2934
994
1771
44
148
8
896
13
202
783
638
1081
1959
424
2034
213
672
962
576
228
585
2384
1693
539
410
462
781
418
1128
992
411
955
1859
3000
1874
1686
1271
1320
610
1856
629
23
590
471
135
429
1148
495
223
627
1954
266
275
1999
271
843
186
1412
769
800
2986
838
512
61
130
976
829
212
434
1207
41
495
626
249
355
78
1717
280
153
318
219
755
208
1999
309
515
49
447
484
646
788
459
1458
2929
134
0
821
1228
1973
52
506
1788
2032
294
1699
264
241
475
178
1168
195
127
325
91
186
90
1086
1760
69
1519
14
1550
232
75
1054
1999
14
1062
225
1995
180
595
2409
754
255
190
99
1902
541
50
1879
394
627
100
1649
46
226
1404
333
865
208
1264
497
1626
508
165
131
113
95
205
281
92
16
266
43
17
1085
2082
919
198
856
84
1868
103
85
865
349
122
367
431
141
2303
266
45
533
166
437
2220
731
603
71
369
643
542
1005
318
146
165
782
463
1091
582
434
294
99
122
653
511
95
134
154
117
195
2275
2187
59
914
243
165
721
84
172
335
382
160
188
527
50
713
1478
1480
2414
636
148
75
726
1212
16
42
137
38
199
313
1018
346
0
140
395
300
377
76
183
370
586
394
197
442
61
461
83
215
270
55
206
629
474
850
753
1344
253
302
2021
1910
445
33
630
220
472
111
278
156
2739
547
496
125
866
565
696
183
777
231
223
319
365
1974
1709
867
1945
59
360
50
468
236
314
60
61
485
336
91
1200
810
564
321
1401
103
1999
37
1998
481
408
406
307
687
166
1040
411
463
191
1984
301
148
429
0
1209
2222
468
199
0
1296
1575
215
300
1498
1396
1176
1326
285
295
2927
296
2000
281
958
81
268
293
545
1750
36
135
48
1882
181
23
1046
1979
1926
64
861
422
83
4
307
116
258
1948
351
47
1931
1692
489
136
1262
1836
778
1787
127
15
50
1738
89
105
36
168
287
453
1808
76
491
152
273
1731
152
1226
985
205
425
472
7
785
208
362
135
204
581
887
2000
46
1701
116
338
281
1998
122
104
188
960
236
1303
728
1579
324
166
2992
1544
1673
189
135
346
301
1593
195
950
304
286
730
471
640
157
1015
230
194
421
825
511
61
530
10
213
905
230
1503
1806
429
565
429
315
151
120
206
284
492
658
1763
331
1770
744
202
1970
451
2001
598
1866
1201
155
456
56
667
2993
326
1583
486
525
124
237
185
186
107
933
117
1882
1998
242
1589
653
438
159
1833
624
917
1254
204
543
2511
798
571
136
417
179
728
393
115
94
49
44
31
284
655
132
69
296
149
49
182
335
214
2500
1421
174
213
107
1772
838
29
279
708
375
345
260
1960
1979
175
808
1359
1933
1412
143
360
268
1998
1952
955
1473
779
279
582
127
293
2000
582
266
272
701
2769
1979
757
704
1939
295
313
2000
170
170
1245
855
926
138
341
2895
640
453
142
330
130
90
1003
2521
858
441
169
1217
271
480
251
129
13
116
28
90
150
485
655
117
103
91
263
284
95
66
550
70
235
316
1130
331
1348
733
103
123
44
599
245
371
133
2912
815
458
424
186
873
953
458
52
724
459
188
530
642
187
182
167
2113
80
122
38
117
244
266
160
92
496
155
33
156
1353
1600
325
183
260
211
263
188
539
258
63
326
188
269
344
1906
1973
3000
2715
192
1973
934
1358
228
188
1577
152
135
415
553
73
88
574
173
561
1460
298
121
152
58
178
239
1559
833
414
866
374
217
493
880
169
350
250
248
835
174
1922
81
751
1061
247
256
189
402
128
405
63
239
204
291
313
311
50
135
677
301
883
962
485
183
1986
214
42
1234
145
181
110
64
183
382
81
1637
561
73
148
197
299
517
564
1583
981
443
499
168
635
155
250
406
663
119
2000
614
130
384
935
477
712
622
2692
274
165
2093
1034
688
87
503
310
906
34
498
251
222
380
275
461
73
114
1926
930
382
121
387
234
594
681
201
274
558
308
486
79
260
674
78
92
1999
139
1165
431
1929
220
1974
1944
251
187
217
120
55
61
557
1129
440
167
83
349
2939
9
263
143
267
420
208
572
69
334
277
225
24
303
1953
218
345
1238
198
237
344
1535
265
119
136
311
86
193
390
863
1148
173
1049
1687
433
167
111
414
92
105
722
350
317
75
312
1130
224
542
363
1250
574
1288
282
282
1671
221
1122
1718
605
2356
446
295
230
297
607
1587
161
495
2030
577
1003
509
170
313
952
614
1809
185
1305
360
19
192
273
22
256
392
492
173
311
1153
1419
329
1262
607
1568
219
2395
485
221
255
423
859
275
503
768
31
423
91
449
648
220
250
232
580
119
107
260
1157
269
812
668
512
417
794
339
38
1049
49
479
284
357
254
164
158
656
370
1216
437
1637
258
406
204
603
1998
474
208
44
263
425
203
310
128
97
619
985
175
299
1176
249
342
282
306
1086
513
450
773
1556
179
349
107
873
219
30
165
116
284
72
666
2000
157
22
3000
646
539
1452
191
356
481
828
316
2298
1155
198
1073
557
2987
200
343
17
1804
417
142
1479
123
1461
426
499
328
7
481
67
371
1964
929
75
224
1140
1836
6
9
315
252
1997
0
1478
1935
445
1225
1960
1824
1556
1146
163
267
1929
181
669
159
264
2320
531
2271
386
873
1030
1979
50
1881
464
1312
37
1915
566
147
157
114
38
245
64
1183
95
920
222
2587
732
25
304
60
162
330
126
697
217
303
834
49
60
48
2981
281
144
1360
253
335
242
236
1991
256
975
258
235
985
1117
731
263
449
1222
365
868
450
157
266
1403
1957
134
1128
202
688
1836
177
91
380
257
381
485
193
483
704
244
1330
157
540
521
373
1106
83
334
105
828
346
197
365
70
598
356
104
1603
31
21
651
133
340
288
234
379
264
113
53
674
272
184
227
942
1718
168
47
844
358
83
998
15
155
428
126
13
178
1082
1710
935
80
1009
236
1610
534
177
941
148
1184
94
133
112
233
276
1778
1200
594
293
245
2494
2784
1984
177
724
908
512
540
264
156
211
2181
122
1201
292
1197
1869
998
781
104
685
522
1330
686
19
71
588
1852
230
72
346
255
2200
393
363
384
1567
246
761
403
959
200
1585
94
357
53
57
632
453
1939
1760
1734
913
1964
255
269
1999
483
444
111
288
1747
1496
1919
420
206
83
897
328
1713
2417
77
101
103
1020
492
1018
128
151
153
505
490
900
122
52
54
2015
314
230
283
458
599
1998
2000
298
1692
1383
1450
978
870
1904
2326
59
77
108
153
1853
169
1995
192
1734
233
2086
568
1401
1477
1134
676
1981
1093
563
347
2578
375
2
400
830
556
1796
998
2945
1232
1328
1540
159
949
2002
119
971
225
226
184
1102
624
227
1718
1885
137
396
953
132
2987
324
64
570
940
462
469
149
307
314
2
505
414
89
275
347
1873
623
503
123
504
296
1977
522
152
477
64
229
657
200
500
92
709
395
215
2000
97
2913
36
437
939
197
599
31
2975
326
141
57
383
343
800
518
246
397
255
312
393
2442
38
263
164
123
1998
1831
1780
1300
2440
11
939
506
2989
160
241
115
800
890
163
610
944
1482
1630
1691
1989
291
390
2213
1858
172
429
245
486
540
863
319
891
1899
47
1762
1609
27
164
1173
1944
189
29
1153
908
1734
23
144
1317
193
899
233
696
1778
27
203
1642
76
258
109
500
1992
22
295
1256
112
461
147
449
189
1176
27
2451
1011
80
606
1034
71
845
1999
378
1615
431
105
1406
348
159
1876
1900
1228
2760
1906
510
2371
219
141
141
479
1039
818
291
236
526
17
60
610
301
66
859
773
898
767
477
2077
2951
902
320
30
107
161
67
328
1326
1131
0
289
2826
1596
1545
761
565
55
1400
1982
339
706
165
699
226
1999
644
2987
110
919
343
618
1909
1245
736
107
1841
490
1390
294
414
77
19
1307
265
1030
171
1667
30
2000
297
128
7
642
268
175
207
156
139
309
88
103
470
105
2918
190
199
439
751
695
309
211
559
232
1605
308
20
654
123
490
93
474
119
308
545
324
121
131
1406
100
633
42
25
1973
178
645
183
432
828
377
9
280
149
113
240
1961
56
250
214
541
437
18
774
267
351
380
136
722
268
1047
130
239
113
102
409
647
429
380
1486
232
344
1902
216
2000
60
203
545
90
334
597
222
316
400
89
315
1345
369
596
516
296
255
142
215
57
157
2000
688
60
312
264
214
792
293
174
62
385
791
16
1620
229
115
173
20
324
104
1698
246
166
377
78
427
160
1031
1972
493
539
146
26
416
47
68
452
44
805
330
275
684
340
52
159
485
1957
546
29
331
329
175
99
1730
220
275
273
1750
541
246
51
101
207
200
1999
2485
246
688
20
46
796
1474
530
169
747
427
238
85
213
329
120
660
1598
1927
92
11
47
189
10
419
124
2000
974
1999
1324
70
1873
1860
164
1809
349
249
507
1718
1502
1043
2684
386
277
590
564
187
145
102
607
384
116
100
148
42
114
67
749
1004
224
196
193
404
563
757
88
415
300
271
425
177
194
834
786
19
4
1888
667
1202
313
132
1882
259
163
265
193
1051
122
188
665
1289
15
267
686
2987
432
105
318
118
926
782
721
242
343
65
21
363
988
691
462
82
2482
759
394
128
142
219
260
199
1703
612
1203
853
174
1475
541
979
327
240
1209
319
1917
54
583
1901
126
302
467
194
253
1443
174
156
302
370
218
611
404
664
1719
603
93
486
262
390
124
845
213
264
932
706
251
272
304
344
1696
2000
1999
820
106
783
1533
2
94
377
3000
1430
154
256
1892
86
1354
15
530
2856
2000
33
297
227
250
1272
675
1782
98
433
207
1594
335
763
983
824
569
413
15
1997
1965
496
793
1085
2315
1924
900
2995
1446
779
284
401
504
530
720
2429
1759
318
22
181
988
605
912
1827
607
304
348
2000
233
1883
783
87
1222
343
1261
331
1080
473
1564
1315
250
670
2000
719
124
1248
287
365
0
381
2821
202
270
490
358
626
276
1688
215
2413
1121
547
100
219
591
172
2912
225
381
304
133
420
24
45
170
239
216
511
1060
627
288
54
1361
1627
1898
560
670
1473
2606
743
122
1877
380
223
170
446
16
468
1
196
276
345
107
80
476
178
2505
285
1
190
1342
1101
2807
1632
43
1539
1038
2001
288
6
1945
345
653
448
790
386
1506
249
875
1678
695
1856
354
187
1154
2201
1043
135
552
266
334
883
436
1591
2000
1981
3
280
144
136
303
877
183
2885
1834
320
14
197
558
765
431
226
730
1143
189
28
2620
960
979
410
2000
47
289
1514
15
596
1036
326
358
995
2953
618
310
344
108
1300
32
110
563
296
625
1006
262
47
1674
1762
195
350
253
1113
643
1778
122
488
1105
2592
514
962
734
1456
1966
644
1683
120
502
1981
461
1436
587
284
296
548
2747
1226
1464
1585
780
95
667
835
948
74
920
1672
144
1740
1227
2801
1973
134
413
83
262
862
492
194
1694
241
156
235
149
1287
121
167
409
124
122
1094
890
135
2021
1027
2201
324
41
1448
1160
4
132
348
475
2000
800
319
324
9
159
266
407
273
779
561
1997
88
982
702
135
1998
383
1999
333
154
45
615
1997
176
364
325
1295
73
2738
1249
2470
230
2390
1783
2848
952
44
1976
1283
984
730
1977
576
1346
625
2989
999
2807
582
538
2000
1462
450
198
547
243
386
1316
294
1999
1056
794
74
320
396
1973
584
1419
380
644
65
1885
2844
448
1805
939
1100
1765
612
2531
1936
2012
1910
401
583
343
3000
242
294
717
1994
136
697
268
191
228
298
116
388
246
612
97
488
417
1015
1975
113
39
484
233
283
1048
189
777
1163
507
909
2977
1740
516
390
113
1295
202
406
845
1423
1985
2000
586
69
143
2510
655
1623
1396
1981
1597
991
191
638
490
138
231
1286
715
227
1250
320
1997
1746
1591
976
98
948
682
1743
138
171
296
1947
500
1749
891
1976
153
2999
143
1607
434
236
117
244
1035
191
547
60
1375
2287
231
722
217
110
197
1095
1569
1082
613
2073
137
24
517
1557
1969
430
1288
187
662
547
203
190
812
594
114
178
1581
276
876
1941
343
2235
38
1725
151
235
592
102
1558
2460
568
1892
1763
1910
31
551
2409
1064
1522
1975
97
92
489
2863
555
88
1020
14
996
1732
29
808
535
431
23
337
1853
347
1647
311
208
52
880
2000
1367
233
199
1656
1784
963
1167
454
1583
906
232
77
639
421
941
2261
772
455
1063
1210
787
1977
312
284
321
854
3000
32
940
134
672
28
239
737
671
170
221
620
1007
523
287
182
1683
345
595
1993
923
376
118
348
806
356
1864
1588
1317
251
246
41
78
67
253
345
127
490
2000
503
395
335
2119
1909
345
2124
705
118
403
65
21
190
154
331
837
53
112
50
761
110
171
2955
903
462
176
446
880
371
68
139
34
255
606
868
1422
428
295
42
1170
1219
694
2643
96
875
465
828
237
224
689
548
320
332
268
1482
476
383
53
360
179
125
693
231
12
1326
206
196
600
273
535
1997
1375
1072
250
275
144
1998
437
134
206
321
303
1863
370
1321
291
97
240
330
620
370
73
567
342
1793
455
143
922
1673
1990
568
351
1671
1424
438
907
942
338
638
2028
467
656
246
1477
1144
2098
1143
134
710
375
173
952
473
24
853
25
168
593
1995
1982
302
135
24
1993
678
704
447
446
1684
346
417
1102
1588
710
63
1962
199
332
1156
370
182
1039
2048
1999
80
194
254
300
1881
742
138
2000
474
97
485
151
941
1948
109
391
1796
566
2497
1983
310
1999
90
165
894
1384
104
300
494
771
1728
368
1714
1987
291
2081
444
1614
420
431
1165
193
881
114
545
1440
295
797
2877
210
1996
1968
999
1628
1525
839
401
142
1465
92
393
160
1897
1600
390
1158
1999
378
132
518
359
22
2710
8
280
1102
2603
72
835
2047
361
1745
906
1544
39
175
35
331
178
1193
1271
2146
84
1997
723
58
1030
1523
177
281
640
162
1756
253
500
479
65
204
433
1959
405
545
393
1326
1176
409
30
760
1999
773
1069
2998
1808
373
523
101
518
13
127
809
274
99
240
1993
1965
47
2893
1039
307
2000
134
346
2001
116
545
123
329
167
2164
96
2
866
1998
1988
1970
1688
1989
829
1784
182
506
144
1000
95
2999
470
320
378
337
1435
905
182
1322
1540
85
1040
401
122
453
1947
917
219
767
83
212
179
1992
24
253
982
1435
407
789
714
2082
1091
1495
1490
1993
664
423
1935
2770
1754
1693
1999
1194
1830
283
1514
1711
128
303
463
612
1594
1987
687
23
612
733
137
1699
631
28
236
1925
19
289
1043
62
121
498
2
331
534
481
167
275
240
428
369
223
980
68
1485
27
103
460
329
2696
335
1706
241
352
100
285
307
1705
579
177
123
896
299
259
535
39
69
264
102
374
633
325
222
548
145
792
69
84
455
1685
191
163
61
322
213
101
1129
181
60
708
576
123
390
155
1973
479
1909
836
812
377
1503
743
116
148
182
138
1159
330
1999
497
156
1407
1057
1744
259
1447
62
3000
276
7
432
1876
219
891
109
659
16
268
28
965
1580
217
2296
37
190
113
283
427
57
56
148
1780
104
873
1208
843
35
76
1683
145
543
147
201
236
1999
455
337
469
472
804
287
759
672
300
465
910
1999
80
356
445
344
1841
176
69
11
1971
461
1273
1995
254
535
230
415
2008
184
1543
144
897
734
143
814
345
1238
258
516
303
549
2617
1054
1999
444
167
477
188
1092
594
768
636
258
44
1865
905
429
881
153
939
1634
1822
95
187
140
264
2888
213
94
136
1577
2781
170
300
209
919
360
606
219
1892
531
75
251
691
1446
151
2112
132
528
477
459
409
408
87
423
1462
326
95
230
16
125
102
96
2000
148
101
414
158
370
37
110
381
232
1828
630
1220
1999
260
223
182
36
395
125
70
117
715
86
244
411
921
655
249
186
422
457
339
777
721
548
121
178
1370
370
244
371
122
461
325
717
1597
330
264
277
360
32
264
363
353
166
244
1225
1982
1976
195
1163
136
106
792
201
1752
6
1689
134
1256
183
364
1319
152
215
600
0
225
532
122
1960
682
1797
2844
135
566
1684
2080
2703
286
1947
89
301
2061
792
1734
295
2791
493
1867
1260
275
564
1805
873
2877
699
532
21
899
327
206
24
1407
134
1999
1896
1176
91
2658
240
1810
2994
366
2963
133
771
1155
42
1725
2604
1974
1454
102
165
872
794
1937
45
780
696
592
250
447
331
1933
182
387
114
494
789
1167
180
210
1995
1873
610
392
212
331
129
747
52
301
170
1423
1598
1183
89
525
433
1629
849
460
1235
385
351
533
695
1284
136
949
266
208
443
482
1448
85
505
455
54
1432
308
299
142
193
169
630
1323
90
249
1876
2685
861
146
1975
1995
1267
277
1783
225
1624
1557
1321
952
350
491
1541
823
1855
83
31
1999
24
150
344
1777
1818
1947
688
2144
92
568
1879
1118
176
96
651
1758
599
271
1632
607
482
209
65
515
141
205
2150
72
10
923
366
532
1147
340
330
487
827
18
1382
293
229
738
1432
6
1215
192
47
411
52
324
1533
1239
82
407
33
206
231
1664
1892
1093
1989
772
1374
618
2970
443
1982
328
389
84
193
275
159
205
248
505
173
253
516
188
221
145
177
62
129
100
33
960
223
777
414
395
155
335
1853
295
432
1988
1529
389
189
1687
1030
1076
208
646
367
2074
221
2675
335
932
1514
668
978
99
1258
7
66
1999
204
329
415
113
478
893
2000
192
207
1921
68
477
288
721
107
627
2787
24
77
298
553
386
394
154
431
2347
178
446
1838
1854
433
1998
2945
129
294
38
276
229
1223
660
401
1104
142
265
549
227
592
502
1614
579
1929
263
1939
183
386
461
452
1313
650
1797
115
127
552
693
325
212
626
669
243
302
117
774
747
802
1279
2000
1861
989
984
2002
391
340
120
270
294
1875
641
155
1087
84
217
219
1842
664
84
253
938
319
1311
615
307
1878
569
323
726
325
75
1
1777
21
108
324
1214
8
1520
851
1261
614
290
174
462
357
453
2270
829
2480
7
1668
220
2251
823
1621
1257
1244
1571
1030
47
104
38
1957
23
1693
13
125
754
1987
1669
1809
35
332
1794
66
114
1857
1437
334
460
37
2368
56
375
1999
32
888
1487
1944
1427
126
635
17
243
227
1030
590
970
1989
1738
1948
115
1142
1436
6
1621
85
611
1261
1965
263
935
17
35
82
283
2018
362
179
784
2500
402
576
1891
1057
64
576
432
856
2763
1568
759
241
754
500
510
1289
887
886
125
17
2000
422
1342
410
549
1
870
873
33
518
78
5
871
56
923
261
255
601
699
603
127
1060
2279
260
967
44
3000
1681
277
856
110
1572
2853
1908
2193
108
1747
408
565
3000
1962
323
324
274
803
971
616
756
66
557
467
155
187
121
232
0
200
26
998
1962
545
1684
991
636
1032
28
1928
1582
223
480
192
446
253
37
1246
582
560
2356
1
283
663
1772
762
443
955
945
18
237
254
211
873
237
51
2816
1223
139
152
536
2163
1625
82
130
590
1970
200
207
316
2312
329
2233
1998
38
400
616
226
153
312
885
320
682
661
161
60
210
87
246
2000
1022
401
120
169
182
145
178
385
437
213
706
952
144
266
945
1992
189
546
369
117
461
198
246
963
128
18
178
344
189
202
211
278
173
1727
381
194
106
191
1122
19
267
780
225
255
15
544
317
112
291
116
1969
1989
447
200
281
123
371
105
337
1508
1734
465
1784
53
905
1771
662
398
1292
963
2000
933
418
1886
1764
2233
459
377
197
1128
635
254
297
235
671
384
356
84
1194
689
249
69
54
337
127
29
631
171
584
702
467
484
679
180
1849
204
1649
319
53
246
200
324
2161
185
274
376
1944
153
238
339
199
237
302
2368
415
370
90
489
1164
642
561
143
291
235
1971
1583
184
331
397
154
180
1947
809
953
2707
910
1707
677
1054
1785
828
1056
236
92
234
275
413
166
848
486
668
1774
262
22
194
1979
99
864
1742
743
907
1115
1146
474
1361
182
226
73
104
681
139
306
176
261
190
508
372
212
946
363
290
428
547
549
1997
1760
790
259
1646
348
578
51
786
237
273
1009
497
806
870
329
1418
373
184
384
68
488
300
340
127
281
268
203
1958
226
725
375
2460
431
622
171
168
478
1010
327
125
1340
588
528
248
204
333
1902
152
2754
705
382
195
1090
329
1999
857
880
434
421
615
1545
139
180
296
442
1943
404
186
603
670
254
73
264
94
212
1922
136
1953
86
627
1967
653
2983
1361
1999
2383
1163
439
223
224
229
2104
186
127
362
163
261
171
991
521
301
1932
84
141
230
286
197
648
1836
1292
1100
485
72
161
175
87
660
503
934
952
211
81
7
484
211
1068
358
559
142
213
246
562
881
519
2768
141
1176
210
460
1739
1075
586
44
48
287
364
201
217
185
153
1777
77
306
510
119
357
231
555
265
361
155
592
153
289
1163
444
694
505
97
539
372
448
195
417
78
1097
331
836
322
654
263
183
1411
559
122
254
336
218
111
164
146
374
294
786
250
648
1613
39
387
4
748
99
124
471
180
134
1036
321
205
134
727
643
358
277
1203
2445
2611
330
447
43
262
251
0
2
1994
1226
438
2983
62
1077
1037
1247
686
20
5
1508
986
1464
49
124
260
2000
1251
844
306
1024
579
201
1279
821
749
641
5
691
200
401
647
79
994
1910
759
0
446
77
139
1567
1191
1914
1570
476
1686
548
1032
1136
1302
9
1658
233
2962
1809
37
1430
558
934
570
235
32
1595
750
12
1589
1850
2002
449
1939
439
1976
1914
1663
587
1210
513
205
1800
668
173
791
1803
2337
1842
1441
100
210
26
165
1346
1054
921
1425
197
447
152
65
1665
284
68
224
1436
139
2999
287
524
510
30
1123
146
696
439
837
88
343
209
291
136
83
791
1769
441
2151
127
70
5
107
812
1
0
1540
80
430
981
2568
1956
762
310
117
121
1526
593
105
88
253
1721
1349
233
277
507
1632
1526
1716
195
169
322
7
592
118
228
750
209
311
677
47
955
1
331
2948
323
143
360
1992
442
261
734
467
268
255
159
90
713
1015
1960
1294
825
507
2000
8
323
1318
341
54
1877
118
7
138
402
1247
392
119
969
1951
155
561
238
49
475
475
420
1331
1115
799
1684
12
1626
1999
1520
9
418
64
11
274
962
499
880
1726
49
561
37
45
1645
1778
59
2
960
110
377
1287
9
2000
268
679
92
102
33
527
116
1501
383
2357
1778
168
78
1306
2968
560
9
281
543
111
1093
10
1618
1139
734
419
1769
1223
22
28
2999
1206
340
1989
1991
349
841
1706
353
831
654
1929
1744
8
2987
1039
52
882
53
196
391
91
966
1271
141
141
106
1305
5
78
1560
623
227
705
1825
2000
28
1994
294
1291
573
1161
227
754
403
90
473
336
83
397
172
263
415
2816
1435
177
440
1824
1350
1362
242
1784
925
2000
10
91
291
43
139
2960
128
139
9
139
1082
1241
109
1164
1599
499
372
2315
1014
229
506
1823
1121
1977
1353
747
540
46
1886
682
173
669
1120
434
2890
594
812
139
1167
2000
724
1280
994
1305
218
150
539
1271
950
564
377
1992
317
1990
217
1413
417
1108
460
3
1987
42
5
221
720
1995
16
392
279
225
1720
91
613
164
988
1985
1995
1860
1733
49
23
140
213
947
255
1480
610
435
1586
979
220
2000
522
1769
97
877
609
890
492
345
253
1888
1630
441
1481
889
0
1247
1182
1811
15
310
956
103
900
482
931
252
501
156
1795
1600
980
440
1741
672
132
305
540
39
72
379
99
528
203
1006
568
597
52
842
24
277
134
285
81
1613
70
