27
897
78
1170
734
476
1194
412
583
1822
922
237
1494
227
1705
424
746
56
1105
733
757
217
31
248
1518
467
27
55
2
879
95
168
148
100
435
73
153
48
62
30
169
1202
367
1500
32
27
308
232
54
193
289
1548
1501
1262
14
73
42
213
729
29
1476
27
408
416
812
22
393
318
59
65
33
590
36
37
51
37
282
35
29
446
60
425
36
36
1163
258
211
36
36
166
36
240
36
1211
1351
475
347
29
210
331
571
1436
42
846
267
1328
164
67
58
1507
149
329
287
537
392
1434
571
20
506
367
29
239
246
676
61
838
48
747
39
166
71
1070
696
348
27
296
1196
1669
161
58
286
93
81
444
87
125
857
61
582
215
205
428
146
181
1338
484
859
51
127
245
142
1020
21
17
572
37
206
7
15
127
577
367
92
184
780
337
110
2
102
203
5
141
230
119
1051
331
87
927
804
234
1166
152
44
104
202
235
88
839
122
240
96
1524
155
146
230
100
87
192
88
122
129
236
650
121
154
544
161
695
158
179
283
523
10
1199
88
351
87
132
118
276
237
184
79
910
799
353
1227
432
295
33
26
436
898
89
103
218
565
208
67
44
974
32
113
209
284
1397
214
88
151
82
97
238
1204
204
348
68
9
114
790
1191
315
326
672
726
1162
357
578
913
1282
1263
8
243
1592
369
756
396
723
1001
978
1091
377
1193
325
434
807
670
439
1001
1379
197
1427
683
264
184
1699
1212
1089
385
774
43
314
672
237
198
822
938
1185
859
3
137
1758
211
975
313
36
591
187
65
801
219
1329
83
843
1460
67
267
936
743
372
776
650
91
911
171
867
625
94
176
556
1006
1060
1021
128
1143
82
716
125
80
239
857
405
1248
142
250
409
254
1745
211
96
16
271
127
1138
1343
920
675
793
565
209
251
1231
350
257
362
485
486
114
291
251
624
281
774
168
53
1198
54
778
1504
106
133
84
1053
61
1336
328
218
202
524
452
125
167
1023
69
121
1360
563
639
1619
1673
1704
153
1192
67
1323
1317
170
864
786
1087
621
1136
72
51
1452
368
911
760
240
1488
609
224
278
945
344
84
401
88
261
30
463
915
387
273
365
981
325
938
9
351
7
129
918
1038
9
94
383
166
20
680
92
162
244
533
51
1492
94
453
205
55
965
67
16
49
936
458
664
1353
108
58
21
541
289
51
22
175
87
603
11
1091
163
659
579
1853
242
81
669
207
80
224
1586
131
451
147
165
541
60
884
43
81
380
210
1622
56
74
311
61
214
1279
169
17
233
24
178
12
852
328
345
177
47
30
118
407
627
64
18
765
16
274
70
187
12
780
1194
102
46
236
240
155
234
60
101
547
56
106
331
1065
175
638
231
335
250
85
150
58
54
795
581
27
