712
713
1187
741
1421
823
1096
958
1095
1096
1090
1180
1886
1609
1336
1336
1699
1669
1425
1888
1823
1874
1881
1333
1886
1886
1820
1886
1858
1886
1777
1759
1334
1733
1436
1688
1879
1272
1333
1195
1854
1452
1392
1449
1146
1434
1591
1186
1460
1012
1012
1089
1027
1011
1395
759
1241
1247
1236
1407
1445
1817
1368
1334
1772
1699
1334
1697
1743
1002
1290
1850
1517
1162
1554
833
1285
1003
1698
1724
1459
1207
1838
1180
1879
1561
1311
1870
1886
1777
1577
1314
1275
713
1196
1281
1486
981
1353
1095
870
1093
1093
1090
1093
1090
1175
1337
1329
1218
1407
1812
1725
1557
1598
1422
1567
1520
1847
1874
1455
1336
1635
1199
1681
1790
1163
1714
1881
1676
1346
1695
1727
1505
1063
1844
1609
1243
1789
1476
1245
1229
1333
1426
1244
1348
1205
1334
1853
1307
1360
1292
1882
1589
1722
1880
1450
1102
1671
1070
1879
1775
1544
1614
1845
1553
1830
1024
1368
1272
1739
1741
1767
1553
1843
1421
1726
1789
1583
1873
1785
1877
1804
1646
1653
1222
1394
1198
1591
1025
1343
1639
1495
1784
1184
1000
1679
1881
1756
1720
1308
1762
1471
1661
1133
1461
1428
1651
1397
1286
1596
1403
1848
1850
1632
1295
1609
1886
1679
1778
1776
1244
1652
1593
1695
1449
1593
1657
1669
1854
1827
1729
1626
1679
1861
1742
1830
1180
1461
1723
1317
1522
1735
1616
1576
1658
1706
1781
1391
1809
1753
1345
1351
1478
1386
1485
1829
1881
1862
1527
954
1533
1736
1059
1791
1759
1543
1599
961
1689
1692
1436
1185
1336
957
1394
1643
1178
1688
1796
1531
1547
1597
1830
1256
1253
1847
1865
1538
1609
1345
1628
1448
1357
1429
1593
1403
1368
1380
1789
1834
1860
1461
1675
1677
1811
1341
1886
1844
1453
1794
1390
1848
1312
949
1801
1771
1739
1702
1743
1886
1806
1833
1703
1576
1705
1766
1609
1336
1336
1336
1336
1336
1336
1335
1336
1336
1336
1336
1336
1336
1269
1324
1336
1335
1335
1336
1886
1333
1886
1741
1402
1765
1282
1334
1121
1754
1285
1743
1295
1110
1333
1880
1887
1823
1820
1804
1444
1427
1209
1273
1471
1348
1600
1221
1275
1716
1579
1376
1520
1802
1863
1577
1577
1577
1158
1302
940
1437
1341
1094
1095
1886
1719
1881
1838
1364
1681
1333
1886
1620
1886
1859
1441
1886
1369
1791
1886
1538
1310
1335
1335
1335
1335
1335
1335
1335
1335
1335
1324
1335
1334
1323
1322
1769
1531
1886
1334
1680
1181
1834
1880
1754
1334
1763
1284
1823
996
1886
1874
1694
1677
1886
1609
1469
1859
1700
926
1629
1855
1809
1164
1724
1733
1886
1761
1487
861
1816
1377
1835
1363
1768
1785
961
1838
1733
1605
1876
1883
1349
1251
1235
1880
1886
1323
1693
917
1575
1624
1353
1323
1320
1333
1333
1323
1323
1333
702
1323
720
720
721
720
718
894
1331
1332
700
1322
1886
1649
1068
1586
1618
1261
1307
1596
952
1525
1697
1539
1616
1376
800
1163
1226
1439
1800
937
203
1629
1026
1579
357
1067
1202
548
1459
1298
1247
1402
866
1369
1471
1657
1557
720
1620
1601
1214
958
1535
1651
1003
1270
1461
1743
926
1574
990
524
1306
1681
1432
1688
911
1173
1605
1643
1143
1774
1203
1234
1250
1416
781
1532
838
1298
1517
1073
1455
1407
867
1602
1071
1207
693
1487
1083
1484
1437
774
1233
1281
1094
989
1724
1132
1437
648
1286
1546
1243
1258
1232
1565
1630
1340
1398
1004
1216
1542
1297
1056
921
418
1381
1217
587
904
1339
657
753
1692
1549
1355
1364
1765
1351
1274
1354
1317
1030
1508
1450
1552
163
699
1429
707
1119
1662
371
1443
1371
1290
1206
1224
1567
1073
558
958
647
1305
1625
1107
1782
63
1223
1575
1238
981
1529
1506
1297
1453
1136
1419
892
1651
1782
1741
1213
1148
1605
1206
1467
1248
1710
1630
1108
1596
1500
1726
1456
1306
618
813
1616
1064
1530
1242
1534
1370
750
773
1705
1649
1296
360
1361
1530
1307
672
1187
1209
1677
817
1217
1392
1576
1274
1575
1538
1478
1416
1697
1467
1603
1404
1595
821
1236
921
1248
980
1432
1368
989
1602
1564
1146
1599
643
939
1593
1620
1738
1874
972
1302
1469
1008
1266
1374
1510
779
1407
1620
1456
1540
782
1747
421
964
241
1364
1564
1620
1604
1322
1469
1601
625
1611
1169
1379
1350
925
1626
1619
1542
1353
1378
903
1348
1551
1089
1356
1013
461
837
1554
1388
632
1546
1248
1686
1515
616
1566
1544
1565
743
1589
1394
1467
856
1358
1341
1002
1075
1694
1368
1183
1537
1475
1562
328
1563
1599
932
1560
1211
1174
1298
1179
587
1570
1104
1445
1421
781
1118
1595
1237
1073
1047
804
1195
1539
1430
1116
1487
490
1054
1519
1533
962
866
870
1181
1361
1479
835
1346
1500
1612
1551
1336
1649
1315
1608
1247
1562
1319
518
1289
947
837
1753
1659
1409
1145
1218
1351
443
1420
1247
1584
1439
1590
1093
1402
1156
1154
688
1571
1350
1552
1674
332
1172
1198
455
1198
936
1215
1602
1573
1599
299
1488
626
1303
1569
1063
1016
1217
1087
1435
1381
441
1431
1248
1539
1454
909
1213
515
1202
1354
756
1611
1595
872
1715
1458
981
1633
468
1466
774
1125
1564
660
1502
429
728
1732
1208
1231
1787
904
1513
1193
1487
1794
1477
1595
1682
1522
1228
1098
576
927
1768
1580
1858
1330
1642
1292
1304
251
1302
1433
1249
240
1286
1552
1180
1579
853
1658
514
1490
303
1220
1032
1587
1539
1146
1130
1608
1150
1601
731
1074
675
1594
1502
1611
1466
1621
1600
1341
924
1217
1523
1103
926
1335
1584
1634
1069
1079
1045
1606
1322
1430
1503
1332
1581
1344
1879
1298
1392
939
1611
642
713
1330
1817
1459
1361
1698
1646
1554
758
1399
774
1418
1327
1222
1441
1611
1534
1499
1323
984
1490
1421
331
701
1621
1596
1596
1305
1354
1369
1114
1465
1557
1248
1269
444
1388
1667
575
895
1019
1679
1487
1550
1222
1102
1186
995
1887
1713
1090
1486
1226
1422
782
1643
775
832
1735
1150
1618
1368
1623
1574
967
922
786
1447
1624
1032
1398
1632
918
1297
1004
1532
1594
682
1546
1555
1528
1563
630
1653
1132
1045
1218
1270
574
1152
1476
1448
945
1507
1541
1587
1281
1615
1634
1562
1232
1165
1251
1614
1225
1232
1332
1349
981
771
1441
1132
1481
1179
1222
1636
935
1438
1669
1600
1496
1425
653
1301
1124
1681
1669
357
1395
918
1435
1246
1192
1556
596
1274
1305
1604
1547
1509
1208
970
1704
1590
1391
1601
855
1243
1481
1619
299
1333
1188
1559
1563
1111
938
385
1470
1173
1481
1346
1556
1601
1452
1560
785
983
833
1621
1509
1596
530
1475
654
1266
1636
1584
1388
1600
1727
1484
1623
1399
1450
1555
1776
961
677
1394
341
711
1457
818
1621
1136
1631
1070
1436
873
594
783
1619
1145
1317
1541
1683
1342
1015
1637
1410
364
919
1380
1174
1328
1682
1597
1695
823
1674
1601
1254
881
1545
1820
978
1594
1542
1346
1756
1539
1520
1389
1229
1603
1559
1230
1542
1198
979
1587
1334
1003
1595
1670
1172
1025
862
1596
933
1361
1270
1540
1496
402
1703
1723
1601
569
637
1224
1288
1413
1098
1547
1716
1420
693
459
1624
905
975
1357
688
1376
1375
300
1366
1485
1020
1596
869
905
1089
1117
1466
964
1631
1582
1446
1018
1534
971
1342
1100
875
1627
1055
1321
1855
866
238
1042
915
1662
31
1539
1499
1537
1613
769
1265
1198
833
1546
807
1568
1366
1604
1082
1175
1213
643
1287
1544
208
824
540
1584
1464
1580
1451
1537
1551
1505
672
1522
816
687
1516
1658
1300
1622
1205
1612
1241
1127
1431
1200
1048
1425
1588
703
1438
1149
1690
1094
669
1350
868
1526
972
781
1558
730
835
1558
1491
1519
1543
933
751
1363
1284
1727
1444
857
1279
1552
1066
1596
1617
1333
1597
1020
1127
1500
936
1551
1478
1555
1283
1311
1566
1294
1432
1619
985
906
954
1464
933
1594
1446
1318
1553
1582
1310
1332
873
1311
1192
812
1698
715
1584
842
926
1167
1585
1118
1544
1570
1864
1483
891
1119
1401
1599
1429
1200
1566
825
1280
964
655
1667
480
1142
1296
210
1185
1493
1467
1680
1590
1195
1317
772
1549
1611
995
134
1563
1486
1202
1067
800
1101
938
1120
1807
1004
1392
1516
1534
996
1081
1551
822
554
937
1476
1645
1554
1551
1442
1113
1482
1661
1279
930
1799
1227
774
1196
985
1624
1593
1302
808
172
1819
874
1739
1040
1069
1526
1597
940
1194
1225
692
1661
984
755
491
1227
1511
1360
1465
1341
1577
1156
705
892
1641
1231
1600
1089
1563
239
782
1636
1237
395
1206
1487
772
960
500
1257
1554
1589
1291
1632
1345
1553
683
1586
1587
921
1660
1542
487
196
1620
1457
1350
1341
703
1646
422
1358
848
1464
1570
651
1616
1498
817
1374
1562
1382
1590
1044
1587
1202
447
883
963
323
805
1071
1437
1596
1550
935
1481
1524
1353
311
759
763
1393
1259
1688
1021
1285
1053
1288
1258
876
1597
1566
1450
1573
185
1217
1577
811
1321
777
771
1515
1193
1450
1043
1601
1185
1510
1465
1449
1111
1422
1418
1289
1695
1302
1130
476
1248
1759
1500
761
1108
1351
1023
642
911
1618
1800
739
1154
1012
313
1286
36
737
1192
1657
1378
1591
944
430
811
1158
727
1457
1235
1643
772
1448
1416
857
1548
712
1542
790
1533
1315
1365
900
328
100
867
1574
988
1165
664
846
1446
1205
1346
1017
1731
1265
450
1812
466
1346
1456
1546
408
1765
1201
699
1440
1602
1240
1519
1039
643
1301
1441
1338
1564
1327
995
573
1459
1738
1535
1330
1097
1107
1539
1087
1353
450
1152
1620
1658
962
1359
1825
1470
1208
1315
1590
1402
1198
1629
1653
1619
1309
1605
1113
1526
1623
1046
1500
1347
761
1695
1507
1583
1440
1363
1608
1639
1115
1612
1716
913
1611
748
1533
1286
1358
218
504
1085
1247
625
1572
1167
1470
1111
1124
1407
918
1562
1571
813
1593
1443
1695
1338
1045
1190
913
1595
1575
1144
689
1039
1189
1310
1165
1432
1750
1629
1247
1044
1280
1424
572
1239
956
1566
1162
1262
1266
1624
1349
1539
1341
1081
1305
1553
947
1577
441
1578
1576
1543
1581
1066
1435
1391
1490
873
1160
1046
1177
1368
1268
1591
1602
1650
791
1573
1291
1356
1260
1290
637
1020
1435
967
1141
658
1079
924
1088
1686
372
1233
1487
1656
1322
1336
816
1361
693
727
1224
1483
1601
1056
1236
1580
1543
1078
324
1574
1339
946
772
1058
790
1433
1653
633
1548
1757
948
1619
758
229
1695
1566
360
1565
1577
78
1202
1560
1248
1456
1083
1662
1670
799
1581
1534
1454
1824
892
743
1091
669
1134
1608
1603
1520
1340
1175
1035
1279
687
870
1225
1247
1674
1171
929
1389
1746
1482
1149
1171
908
1099
1139
1564
998
1497
1311
1263
1079
1157
1233
1475
1565
885
882
1728
1224
336
1618
1486
1025
1585
944
1156
959
909
1487
1050
1612
428
1463
792
1485
1358
1217
1456
1125
1640
961
1466
1560
1825
1296
1497
1483
1029
631
1184
486
1039
879
1564
575
1424
1583
1179
1301
1377
991
1053
1038
1417
1192
1210
1154
1135
1462
1350
1118
1312
1649
1274
348
1159
1596
1337
927
293
1437
1650
1443
1146
1434
1207
1144
1322
609
1158
1650
1620
925
1775
1845
1326
1307
1622
1460
1338
1005
971
1345
1417
1274
803
1409
1504
1025
764
1188
1421
750
267
1497
1204
1513
418
1346
1169
1100
1422
1822
1534
1478
1281
1693
1283
1171
1838
939
1150
1553
1555
1044
1205
209
1522
1338
780
1604
1223
729
785
707
1274
631
1533
1229
1157
1218
1086
1410
1050
1538
1547
952
1595
1559
1112
1247
1483
543
1752
974
1364
1459
1601
1518
1302
1102
1534
1489
1498
1467
1452
891
1559
1376
1299
769
1604
1009
1711
1410
1229
1291
704
1560
1316
1152
1151
1310
1658
161
1087
1807
1365
46
1496
1634
1576
1350
1689
1669
1379
1506
336
1513
1520
1164
1513
1341
1221
1620
1307
1112
1069
1151
1352
1497
1041
1377
1522
1126
1592
861
1389
1822
1243
1715
1255
1720
1354
1437
711
715
1508
1333
1113
1336
1425
895
566
982
1804
1616
1721
1104
1565
1514
649
1661
926
1175
1556
1620
1645
1202
1450
1023
1335
924
1509
1538
1079
1474
132
1457
1035
1486
105
849
1494
1464
98
1025
1297
242
909
719
506
1121
1542
122
1156
1429
1051
794
1487
1146
1052
1482
1557
1388
1136
1601
1558
1566
1023
1623
1618
1730
1436
1621
1395
977
1358
1550
582
1561
1317
1498
1458
1183
1483
1129
221
981
447
1434
1526
1577
1565
1021
1752
1365
622
753
1271
1147
1513
822
1161
1517
1034
1561
830
1507
968
1353
1532
1497
1011
1570
1460
1423
1538
1672
1614
1695
1732
1650
1562
1080
1235
1513
954
1608
1167
986
1172
887
505
445
986
607
1603
1656
1415
1170
1243
1525
1694
1620
1622
1382
1584
861
1163
1395
1450
1592
1444
1298
268
1613
1450
1509
1406
1330
1412
1596
1262
1448
1462
1333
1591
709
1521
717
137
1631
476
586
1160
1221
222
1222
608
861
108
1180
1184
1235
470
1062
1365
240
1608
1553
1399
1192
1181
629
1618
1317
1248
409
1535
654
968
1263
1291
1237
895
1455
1203
1420
1579
1569
1268
626
1534
430
633
862
1549
1653
142
1325
1534
1423
277
1087
554
1566
719
816
530
1223
1202
1227
1416
740
1528
1179
1451
981
1598
1241
1367
1153
1326
1138
1511
1479
1548
1554
463
1004
1259
1056
1215
1531
1078
756
1452
1075
1539
1443
1257
1360
1302
366
1127
491
940
1197
1488
1045
403
849
1500
804
808
1220
1172
1537
1548
786
1511
1543
1137
1315
1605
461
1558
918
1485
603
1102
1495
1480
980
1518
1528
1154
1482
1367
809
793
402
1401
1208
1666
762
1291
230
1539
1053
1530
1567
1305
824
1175
1459
1484
803
605
1479
1319
1547
1636
546
1183
1554
1656
1245
1553
785
1482
481
1212
1262
1317
1330
484
1619
462
1227
1394
1610
857
1655
1027
1049
1189
1553
1164
1075
1536
1564
1567
1554
1562
451
1258
1267
1660
1241
1485
1580
1647
1553
1354
659
582
1330
1432
566
1181
1732
297
322
1234
1382
1640
104
1315
967
1053
1331
1465
352
1173
1331
429
1596
445
1379
1700
1318
1230
1214
1462
1545
346
846
1416
1771
1466
1465
1617
762
1421
1393
830
1249
1368
1059
983
1551
1496
1026
1051
744
1010
983
247
805
151
1190
1174
1527
1291
1203
1667
982
1269
1332
1165
1512
1172
1197
1441
321
1075
1042
855
1356
932
1267
1383
925
980
1701
502
477
1151
918
1026
511
1375
1662
1496
738
462
729
1449
1066
998
694
1340
1248
1553
572
863
1361
695
1225
1037
1552
1513
1553
625
1592
133
1708
716
713
1368
1025
1204
875
606
1033
1312
1562
1081
1123
1532
880
1133
1762
1421
1516
634
1236
995
1020
90
1261
645
525
975
1228
230
1498
905
1236
1724
1320
1564
1553
1464
1651
762
1652
1554
1182
669
1437
1229
1459
1552
1004
1554
1234
1516
1553
391
1226
234
602
1535
909
204
92
1203
1433
1257
1369
1547
632
1427
1292
210
1121
1425
1571
1324
1457
1340
742
1188
1444
1555
404
1343
1554
1179
1543
1035
1532
1388
432
653
987
1669
1432
1207
1608
832
378
1430
575
1203
1188
1376
1302
364
1387
792
1661
954
1312
1554
1242
1612
1529
1358
1360
1299
1557
1528
1437
1537
1548
1044
1368
1303
1552
1548
366
1107
1410
1536
1451
1256
1101
1166
1496
1639
890
1530
1274
1529
807
1328
1364
872
1007
1552
1277
1535
814
1532
1491
1583
1456
1319
1527
1595
1393
1094
1268
491
1614
1554
1641
1333
976
1565
1554
1290
954
1294
316
1554
524
1670
1549
1580
1538
1548
454
1267
1197
757
1315
1394
1274
1032
587
1568
515
1554
481
692
1554
1232
980
1545
1408
1559
1342
1593
1531
1524
1264
635
1621
1182
251
776
689
1452
1167
1278
1299
1518
462
1081
1556
1025
1215
561
1203
697
1427
609
1388
1032
1401
870
1188
513
579
646
904
204
873
1122
410
1421
866
1294
1549
1568
1264
1544
844
990
934
1554
496
150
470
275
1261
1445
1514
1552
1600
1567
1054
504
1371
1218
752
265
1554
261
1554
1566
899
870
1560
937
1500
738
1285
1297
837
1605
1302
783
733
1553
1552
1497
1339
516
1625
1455
424
1553
1369
1506
1022
1456
836
1550
1587
1378
1486
1312
1507
1044
443
258
1071
1532
861
1332
1242
228
1632
1382
1494
1096
937
910
1200
1270
1241
1520
1553
1352
1304
1537
1312
1061
925
1319
221
735
380
465
744
1511
1554
1266
115
1542
1251
1219
1498
339
1393
1157
1659
1362
1262
955
986
1005
1324
1422
1051
1488
1543
1350
1196
657
1220
421
778
1553
1213
1552
1249
1171
164
318
1233
731
1202
1552
361
1481
1307
820
660
1553
1619
695
750
1261
1640
1451
795
1056
1078
946
1662
1216
1137
1224
1344
1018
833
763
1384
1480
1531
1456
313
1546
265
1654
359
1395
1441
533
1553
684
627
1444
1575
487
712
1708
1212
1478
923
733
732
1197
454
974
771
573
1535
1051
1000
491
1156
424
1553
330
1517
1492
694
1234
956
971
866
1275
1464
644
259
707
733
1568
1387
1238
851
670
632
1175
1056
390
677
255
1275
331
750
772
1615
1312
1207
1497
1542
1061
1336
1379
1454
572
1588
1461
1380
1437
1637
945
1594
1347
1325
1569
1253
1531
1523
47
608
1554
1550
934
475
1321
1553
1135
557
1089
1455
1534
701
1553
899
455
135
1547
1326
1176
1241
1690
1108
1558
859
324
864
1554
1686
893
1556
937
1456
1030
1210
1176
960
1448
1271
604
1235
1353
554
1640
853
892
1233
1524
453
1468
700
1760
1635
585
1548
351
1553
1289
1228
1023
455
954
1206
915
536
1292
1325
1657
1553
1575
464
1344
1392
1446
1554
1176
825
876
406
1491
1108
828
1519
1244
1255
1442
1562
197
942
822
954
714
1552
1552
1349
1105
1612
1294
1395
621
889
1450
966
1270
196
1380
1521
1249
158
1444
377
1276
1780
1232
1604
1551
1172
1570
1225
1431
891
1283
1155
879
1562
294
1022
740
1572
235
1625
1532
1660
746
1259
1125
969
1509
1726
1244
920
1467
1317
1268
1277
641
1162
1531
1554
1749
316
1579
945
1554
505
1359
899
1402
918
808
1157
1652
990
1352
1353
1380
312
1548
1050
425
1671
1563
1186
480
1541
1495
1086
1564
805
1279
1645
1655
1375
1090
991
1056
1555
1132
1554
1522
1239
1053
963
1430
1409
1525
1460
341
1554
1355
1080
1214
1562
1514
1321
126
475
801
1374
1200
974
1046
1543
1357
1599
1333
1413
1511
762
1359
1353
1539
453
1535
1513
1197
953
703
1380
1101
592
1282
1576
1527
856
