2427016335
552757
8008040
1003852484
1006670083
1010820524
1013327192
1013382012
1013391337
1025342341
1004779697
1008630921
1011130573
1011265027
1013113045
1013529280
1013676861
1013847063
1013903090
1015832187
1017310083
1019091933
1025884020
1025887503
1026423493
1026572733
1026908262
1027138014
5916601
2000046075
42459620
2000150543
2000344321
1014787192
281441095
1004251293
1004341644
1004814283
1004954773
1005112450
1005343850
1005569187
1006401813
1006582947
1006620267
1006971361
1007199361
1007220770
1008005624
1008076467
1008347992
1008537491
1008881471
1008985370
1009240182
1009530390
1010525954
1010643254
1010857921
1011065227
1011221801
1011232844
1011257815
1011539500
1011598337
1012562462
1012730612
1012917487
1013067284
1013851774
1014081692
1014139443
1014193654
1014727673
1014747024
1014835037
1015156362
1016047283
1016206800
1016233043
1016262974
1016416587
1016538135
1016705897
1017049843
1017186404
1017582874
1017669780
1017808363
1018193657
1019017933
1019244105
1021314351
1022209595
1022551802
1023000250
1023170934
1024964841
1025018331
1025516133
1025612404
1025883922
1025887544
1025909461
1026417361
1026722341
1026969197
1027136965
1027495642
1027790327
1028084591
1028363427
1028598137
1028741753
1028810880
1028988193
1029262141
1029407662
1029627130
1029732117
1029920191
1029996311
1030683794
1031129411
1031347880
1031491163
1031493613
1031546413
1031555487
1031676030
1031778785
1031789644
1031807965
1032050532
1032178177
1032566795
1032769130
1033079001
1033370054
1033596670
1033616415
1033636002
1033694410
1033723454
1034324163
1034597400
1034730907
1034735492
1035024301
1035596633
1035923307
1035932665
1035933313
1035935801
1035941051
1035951685
1035989065
1036008413
1036041431
1036041777
1036072471
1036074437
1036077750
1036080305
1036112314
1036114734
1036146373
1036151342
1036267511
1036281663
1036292613
1036303404
1036416250
1036461505
1036560255
1036578241
1036723670
1036791800
1036870124
1036899261
1037208970
1037340407
1037650627
1037683070
1037907195
1038053397
1038370541
1038405882
1038432820
1038510957
1038511362
1038539961
1038638797
1038917152
1038964720
1039135110
1039196340
1039728045
1040041873
1040194787
1040242307
1040291764
1040379421
1040418162
1040474414
1040703303
1040726581
1040831712
1040917655
1041179994
1041333207
1041411734
1041478137
1041625252
1041632430
1041640207
1041687982
1042001340
1042202923
1042256597
1042731364
1042762102
1043037283
1043213294
1043263365
1043263367
1043282431
1043369075
1043438212
1043584875
1043676247
1043700655
1043789483
1043912853
1044025482
1044093465
1044247277
1044360262
1044375733
1044486660
1044517210
1044675735
1044790872
1044865565
1045065844
1045083801
1045090023
1045104650
1045109384
1045123901
1045191127
1045266265
1045276082
1045285482
1045293985
1045309671
1045321303
1045330945
1045473295
1045535070
1045667452
1045999765
1046082830
1046136842
1046157077
1046494605
1046575081
1046593171
1046727091
1046732171
1046751475
2000021634
2000022481
2000039065
2000147337
2000148951
2000156355
2000168577
2000171761
2000179125
2000211533
2000256981
2000365025
2000389411
2000425123
2000461713
2000478631
2000506405
2000528985
2000536447
2000541423
2000577701
2000666615
2000682830
2000682991
2000709827
2000744797
2000756804
2000766237
2000820025
