1003716184
1007343817
1004524612
1005592945
1010956892
1025103297
1029026317
1029374230
1036043550
1036663592
1037070301
1038224152
1040482460
1042026447
1044256885
1045423751
1046641965
2001265117
2001403457
2001627641
2001839951
2001848651
2002039795
2002148123
2002276175
2002599933
2002601332
2002605925
2003206347
2003347594
2003682884
1047183715
1047678632
1049198655
2004079025
1051159620
1052440767
1053953693
1054007001
1055345664
2004287405
1057581555
2101284045
1060603161
1063687330
1063890337
1065618283
1066317210
1066706794
1069205631
1070952141
1072962941
1080023665
1080746601
1083807737
1084740514
1087069772
1087770692
1092131443
1094212551
1096102210
1096536995
1097201945
1097414213
2791449244
1099713350
1100856704
1104150515
1104503584
1106587564
1106957832
1107226770
1112492684
1132891981
1134796120
1145662840
1149029297
1152531173
1152689447
1154814271
1154814462
1156966391
1157319071
1158550825
1159768381
1162178432
1164667670
1928240144
2004995700
2005186035
2006387481
2006686457
2006751680
2006817960
2006918133
3002792573
2006994430
3004844752
3004847464
3005006690
3005254180
3005997320
2008609751
2008967633
2009101365
3011694992
2010223434
